106563
929743
716224
324088
917276
219886
699707
231123
650555
814841
206663
935626
538661
218056
666465
580573
215724
672300
564008
545847
628982
812120
447751
362512
654777
398208
224807
297417
209499
818636
571817
316061
264730
804392
156500
182005
24278
372558
413128
674832
187399
136142
126809
242411
354197
793274
822984
86272
981925
903343
632119
610907
715462
596221
489770
370238
994428
714576
184006
720279
533212
272175
36339
314293
76566
709191
496298
100843
81748
425777
292026
785498
78270
935187
27909
432466
244812
367244
518737
226736
270586
667207
837642
986048
263428
843764
872637
774207
558339
56643
494485
607902
328817
47176
438547
405382
756366
451196
22577
354465
876972
314602
139963
471593
766140
684223
904058
10951
51466
939146
237687
322051
122705
591680
824450
386132
951795
697087
676690
510134
753729
171175
634387
598897
734702
72933
520630
491067
524128
543206
361883
917451
374160
18197
389043
140299
702419
809452
151250
270236
264950
905288
108639
387654
13319
933088
290137
965114
146526
966826
475247
900254
654352
625985
15502
389053
215270
536132
396471
739397
79337
274706
173200
453496
292902
78594
110147
511673
404398
777748
781908
669347
683035
890546
573352
696353
339986
379840
661466
486511
346665
653064
903117
517369
795401
918618
422773
10670
971101
335596
266418
50438
610301
439617
20285
419554
34563
130431
931226
438960
908178
229486
624658
107564
636383
714361
320269
976368
94200
981734
979231
957216
151150
882347
474584
946550
317316
413709
957219
288417
749304
223636
855206
359604
179605
875490
295509
730519
522273
743087
169478
946802
488924
310487
54366
125306
24847
374634
618026
119046
872719
597256
76261
540220
995954
67197
486769
313269
480905
960339
118037
746560
183975
973242
622515
879931
848732
918023
610449
887356
661109
296278
834157
666384
606764
404874
791690
147962
295859
926067
783359
684930
39674
859619
225149
35627
443167
711918
865247
440423
188608
983284
186982
888934
956525
809496
768864
321608
727519
895664
725315
904979
191941
75824
571363
315056
997049
879404
979369
292908
805470
762727
494189
845143
138698
719337
397121
581864
947606
262367
22287
652566
762002
209268
541499
234879
535116
310363
72838
262634
206026
798153
683964
914319
873976
255326
229374
871024
651081
725095
680283
456550
487821
690823
818044
626518
926512
215164
724734
390469
993883
747020
43034
272236
472639
584533
507114
7754
894895
579952
786739
617272
378104
987055
47942
768431
758732
793668
155806
409813
518762
352441
382714
6582
43263
717110
633100
486126
448625
357833
876595
442507
621204
919628
714743
610194
504160
738208
134300
915406
318159
437390
49030
212614
424444
96971
497396
183176
890638
653202
592988
409399
521994
492053
932333
81608
209162
81784
567734
657787
955968
444328
616645
577171
880307
331387
703716
384467
69595
838015
816224
904105
275405
865253
116719
216200
962224
130466
399375
369213
783667
508714
294964
822012
767
227296
419972
209928
825431
987705
384066
781398
948384
711
874920
345042
848449
578635
729508
434395
416650
545732
338500
208406
927336
971570
424605
889559
102035
340332
775124
402054
849045
70087
224065
366163
813734
160388
92443
639164
148092
476508
420561
612827
993570
811832
957869
842019
390466
203728
276413
323467
265811
131264
48224
193147
102833
989181
599057
204868
329512
890532
123273
694908
476970
863689
61071
290703
24077
669865
446218
688520
146372
383130
301347
139942
194961
775567
498312
585427
495646
774724
425245
277809
905988
473469
987307
525172
462649
586363
730039
308512
993247
369663
3419
470216
233352
580841
277271
257428
250705
723488
945947
913429
622970
763645
569722
817930
55563
68033
919708
551209
842756
861305
829017
265095
334773
816323
790267
313773
919037
36657
622284
428635
406320
625702
898851
639671
722895
176121
413450
973599
415960
359396
887027
38929
639393
456748
373211
694955
41132
809270
762515
883888
670574
107883
148982
5346
440557
455600
319118
359594
492257
457753
788228
898576
83455
203430
54598
322701
895902
468047
296299
311862
343794
699678
867142
983186
672777
756704
194493
713909
565974
473359
114148
236547
581242
779481
758245
21798
235081
593714
897743
727337
51467
202323
142264
651273
405752
196861
973973
818006
664907
786623
129867
8700
2652
513360
508238
191781
270064
219082
422041
352389
692440
536188
105287
273681
832020
863531
811831
67100
457245
709573
310788
25063
428247
453051
676335
833999
649911
166659
652004
314817
953281
298222
839869
472285
327933
864458
664065
114348
83539
86105
466736
775978
138644
572023
566011
970663
951905
894193
554115
925501
120117
864902
950563
548364
834305
143249
382362
484215
309907
550717
315384
779540
365290
671604
251824
209574
536061
915888
323922
619599
518344
307009
911928
656987
395383
994290
144001
347288
888482
214467
272788
8599
595721
223351
556962
430025
882951
455675
430591
192858
522743
262326
972397
404384
933929
224220
613957
469989
656459
454230
605939
691154
761239
517867
864492
156621
28508
8492
503908
433342
222959
293048
441940
335031
32750
515253
765055
915700
487279
195645
624909
526373
974323
597305
930756
908251
337876
61064
378240
510686
515294
500530
201839
276532
534748
66330
433152
563256
591174
453412
996597
330484
262811
954888
665514
295560
986492
946920
727611
990122
658916
352520
516494
633238
466176
963601
541489
320404
24664
436080
831089
539957
936609
549280
816488
471357
615609
765992
550964
723134
735755
63912
53617
514917
18799
235482
326828
521642
182401
54438
28115
841317
923309
544608
474554
389485
24560
16042
226240
49223
452121
57328
105532
388730
606607
922019
376438
738568
204362
927401
978053
456468
507664
31670
971384
42814
267151
814563
564455
449552
869001
592569
290868
308661
653528
281773
214497
678087
297815
440736
243661
749935
14416
349192
655016
137374
787563
547805
392293
508276
991557
370346
964744
499220
402015
452479
542033
185517
267042
622839
151420
652394
731759
958639
477406
385286
240412
691903
579724
538226
648990
339737
804512
663405
688928
975880
800779
476490
40036
193071
984766
31593
563416
465861
47164
481782
434691
589197
183651
218084
728387
851422
870477
460146
810061
347883
361783
566824
556137
457859
105049
205126
797595
425912
868531
486522
918143
185661
479364
958179
378731
980481
506123
458499
962693
553286
456632
397383
658834
640282
615467
387221
8056
2295
363718
818116
866529
725500
384939
422665
183358
6339
627791
497304
948602
12673
983826
866745
198333
979541
341275
93415
960021
363749
68265
922713
433386
524897
836447
608572
681530
451913
512144
689585
970560
875861
24052
837088
117712
925342
259753
301070
931680
403895
798373
396634
416567
298550
779730
131251
278090
121004
741017
754462
1104
809282
193526
434489
850530
29973
43060
48411
998237
555203
254348
968796
947415
794751
805884
65127
720093
581988
882548
168124
985882
197272
564757
918800
495822
344486
50050
290263
981841
307418
561077
982944
633051
754602
933785
483580
300926
976844
48343
299163
48399
819042
784310
995813
613792
106545
60939
333884
204884
943486
502008
190765
657110
583116
625916
152931
927602
192317
959545
909442
499735
520621
892386
132785
791575
826170
132717
92500
319365
181059
908014
367763
516452
208676
879928
130243
831572
457218
980479
36456
400704
998838
227220
574165
581953
369488
727095
509554
561804
202991
418996
61538
239964
827733
710675
31538
170254
843391
640389
5970
540801
64755
373733
57252
273430
770012
187494
621353
227229
167972
657808
144284
166809
401380
718448
265114
770867
961894
774667
332670
164885
710014
910560
921200
54098
621234
952737
224351
464624
109477
230321
5424
174231
120405
62675
964012
406768
766520
585365
633996
450844
759524
778280
134004
160903
13079
399117
931769
974973
690136
780791
656209
400149
691350
577408
970599
312583
46496
194949
293558
155972
941621
298981
846555
578377
878007
326918
985144
160878
428634
135492
611721
188158
913771
262077
349060
443201
661193
797181
934525
351328
577971
590733
267829
269320
684492
754779
98254
730987
466079
391811
403311
407700
207143
249865
502428
85149
93134
487572
762378
521768
623063
374099
709925
53185
636175
575336
12737
813719
372516
947262
681399
950486
54346
465579
736157
738838
220357
834410
469824
686435
226220
873134
610486
433362
639350
112914
34862
732484
116837
797240
770603
256251
687690
480527
825787
840216
55862
838523
170286
944730
785784
851684
895215
356482
317262
147724
95319
53970
982133
565142
740405
208353
954628
867242
158066
110329
980155
192928
842812
613343
990167
613414
869593
194208
610292
695379
34423
182506
50254
204708
127235
352389
572744
538801
708870
406357
686524
804188
460327
668657
885682
717083
393361
356661
584324
551426
466989
80831
260705
826153
210525
767223
955918
80118
961430
566210
291848
512204
265067
858453
716912
392301
210842
806007
447453
436063
212363
133977
240251
189041
318985
642284
906123
712345
998944
6799
780122
465932
603981
40827
292084
814505
808049
764354
410974
769479
330563
702822
798034
595629
561274
514945
504281
288467
320951
951733
724530
49666
602061
481132
238706
921045
123415
661181
149741
638710
667979
929863
620993
271959
487041
429429
602815
811441
193782
13789
97271
524344
232962
895305
636324
310587
410249
656956
599054
247552
608688
839935
813569
727101
321066
52274
648145
960832
713454
314238
599541
897784
760452
736885
169742
247492
166313
288909
575284
360094
302697
672555
400789
535658
567859
553464
846244
494459
210419
961649
742010
335459
801583
555578
62559
639000
124204
227055
116183
837657
541292
715723
735441
301743
968960
421534
65586
135272
710442
640870
495366
529490
313424
896154
581499
397634
965970
944095
892092
176388
422095
150454
511846
223678
706031
574404
379029
346586
801459
495212
184243
859102
727286
436035
677197
696245
373920
259134
831517
84362
416355
843234
130203
246130
255739
711702
643763
221708
172148
535855
398096
594242
686308
426293
334271
908690
697
713300
255276
318507
724863
955870
693960
452148
908256
371156
148393
282175
146642
496261
882888
562996
855846
13091
809126
111584
241144
969240
333292
413291
21446
247739
523884
707753
674031
858155
132795
191079
571454
904422
25937
296316
376643
719897
264815
284898
607404
929559
567072
754045
942171
449960
833393
798016
979402
158870
909600
220545
128109
759243
150187
149555
523333
674070
373659
197363
532224
22805
904794
620029
927226
447082
432696
303868
166978
213863
105117
290734
143421
672189
561130
85592
638500
910874
883607
617901
69743
309558
354797
714204
585152
504983
380110
108484
695404
270120
822199
227628
292925
726992
364008
220150
690425
313056
40370
373755
526918
145486
664488
186690
334026
741969
272281
488877
652843
672240
106777
238937
498149
977925
953140
83301
482907
849601
191784
178311
119721
530334
922290
412645
773677
802649
149146
464102
632056
189515
837856
158973
851353
18695
862015
701730
760663
650647
190607
413505
322886
813735
652442
337387
791660
121933
420687
790918
971534
128822
485580
91254
659156
407869
20250
432832
726870
169395
413285
358925
875262
251140
34250
242966
269834
896264
461047
30497
546910
651653
960353
386148
981740
129146
723534
773399
767431
660572
564316
255316
305745
49896
346569
964900
974116
883170
914084
217337
52564
327368
92614
444177
94860
126863
687142
881045
539478
148189
911541
86387
316193
388246
988886
297932
33743
228771
587682
801173
889342
151998
56488
195087
718245
919408
676338
208712
802577
106773
942401
371493
950493
35014
332021
45352
678228
535515
926396
217705
200055
354289
820443
516247
258886
809329
330531
292628
38099
918212
610153
443793
586561
182992
155231
821157
102400
831568
29869
421328
938341
972269
309172
888833
523634
641193
450536
201861
176707
893283
419565
376761
763923
240007
409359
22808
565687
739889
831788
120138
174453
958292
563930
761013
141283
719160
582170
760034
67079
128390
181362
5419
617010
6885
410603
140643
648077
377490
342503
341135
270773
278419
234247
551047
518425
643606
90207
600464
899846
438346
720601
74298
396637
800882
351663
537919
520041
450184
297953
587119
94925
995666
108890
711934
2550
35844
368928
166979
413334
227782
508113
200458
506200
258712
267856
540976
418669
358062
141439
318514
796407
378391
909164
193043
179272
777178
247314
215664
227361
61618
319135
322285
573635
428024
550570
576184
980219
919497
259514
909904
147278
283979
626713
653477
542690
894569
710804
961358
252630
852243
796223
565389
230633
705386
274783
409905
482563
522096
625568
226275
100065
944702
548559
673699
889077
615480
249883
869296
534976
25748
295551
198605
309726
922264
368433
852415
816832
79237
330124
585813
447831
126347
151201
678463
831732
425984
604719
830647
948079
746639
56921
48144
207692
121832
238194
96769
737311
488076
482416
788639
30176
294318
503595
339901
216581
388380
708668
33412
467616
38791
135577
431798
165137
286777
626612
513221
712760
231331
860219
177191
494321
917139
741686
702012
555322
979879
315132
292633
984307
313899
597623
14482
608217
101217
870734
824797
489596
579401
374561
473563
618192
510137
905360
299680
313265
531972
329252
26025
279654
189470
719567
290326
622961
977604
992337
178282
473834
823821
987266
458140
137719
584888
988973
262287
686105
859707
603436
175700
955459
494348
649263
90002
4484
70974
389682
834100
119297
235285
376476
398950
941107
96042
689275
564067
589997
197964
258700
63831
21784
245966
38322
675854
830853
543647
454493
516957
403353
57928
209009
875163
552275
374623
965165
73110
445596
354846
907209
81245
106482
283685
480194
47588
896078
685821
128006
486075
400136
386706
66257
938271
149023
104578
130476
979875
648224
584968
13184
567928
642895
738544
443091
711521
113166
408255
300982
75113
279452
208191
156357
385933
8227
152903
949873
904304
355075
77878
906730
755210
980935
972986
209832
129957
593916
340307
626184
242139
925275
639367
326419
84521
377910
285861
312394
7427
694115
613375
82539
489918
337917
238896
392202
346143
908150
342074
766799
263224
936304
189880
534785
917238
162866
744616
563547
756781
84922
189730
515271
526548
829096
841689
127421
723357
643901
956166
730783
338015
85892
813321
344284
423809
568568
736486
286303
476717
594911
53101
256292
531214
242981
791076
448452
922198
535691
11998
195330
136965
201727
710600
179864
547174
68641
823636
270530
712541
779801
1312
566908
865693
814632
911191
805853
899552
164028
92155
376268
758939
661608
632560
290152
904588
939987
254955
343137
475678
783304
538466
128994
501382
765417
308857
48555
350409
648845
835436
579302
944997
836747
662561
810689
167731
90103
132893
583634
254131
225048
959901
13069
886655
108812
819572
307594
48799
590879
650730
40828
374182
705547
686173
875564
987315
511381
440470
337724
160225
275906
433377
105222
629004
95937
432262
313086
186039
565155
896719
956521
790202
372972
485941
193208
481783
305513
500801
46933
896391
667882
604112
786924
889780
290284
178839
393446
801665
619309
731169
478241
411566
680897
583462
40569
293185
532076
870007
479224
97230
766725
952096
403783
139696
438037
113342
137831
259901
130494
701115
156291
314727
305227
459566
204506
111862
638405
597951
429878
257713
845472
908119
185630
42720
7932
742550
335905
540007
612556
331480
153588
379281
283575
73722
35328
721611
187063
173158
981511
317556
390625
654153
148634
695851
113719
353139
324064
752123
467442
753942
526187
829265
662060
711816
871984
669991
454365
207888
726350
583273
539367
879937
962553
339294
470011
997880
60904
657073
687390
42415
490981
78014
212919
639614
290216
326637
509105
614279
595111
492898
884572
637649
838514
62983
865816
710497
732974
836533
434737
975675
419805
490455
855611
382357
829748
325621
896588
407004
499046
100329
965770
506378
178342
178688
662343
984909
21677
687799
115540
616787
697048
111
770788
535561
63094
636603
762410
312419
473135
713498
288093
892939
203952
660055
791647
550052
502028
204587
957055
517425
304915
439176
540154
999609
617863
202496
984517
639539
406647
616408
772678
103694
132871
59817
639255
712316
696419
401664
541086
169554
115161
345530
578844
835464
5584
886843
901867
23963
91429
858921
57739
396343
298096
597892
395951
432311
316740
896820
588201
723386
513227
877230
827079
646097
937046
982685
874764
633465
384348
415849
319370
15860
761378
414565
851324
283314
301407
753190
823628
392835
128463
881367
789178
942910
995610
185128
891572
312349
598299
479773
552086
111526
357002
895517
273974
294048
878201
665090
443864
778901
80938
763233
794760
842316
177797
162435
641981
479204
431977
465608
388390
76791
346974
177567
536052
858936
879047
427624
171284
477345
907396
239722
105222
780749
135238
895548
591148
13438
560637
35011
792338
157926
314595
103450
516593
492392
782236
158573
487947
214212
624181
876336
291002
487506
570255
827054
346441
449301
771029
34077
442997
194776
790150
64571
975524
925387
960118
83024
938824
37106
118034
247514
195031
432629
867315
227976
441372
649550
386548
445670
863762
527080
838357
671115
530938
408611
14520
393730
374263
785548
427806
333612
980323
217955
398182
472199
659693
874651
555222
114869
911756
189607
362382
623138
138587
746048
851113
579958
395597
754013
541979
775710
281092
380336
446825
812029
305298
977696
205759
679561
763244
149916
13172
259918
884223
927705
248468
60267
802355
320041
175135
714110
509648
53868
853599
648234
799915
221064
744544
195512
491428
286522
971221
772519
183209
934397
100900
488507
912093
823010
684419
191688
489277
213942
451605
889851
141646
216425
950118
944000
536465
125252
174461
562464
179120
544411
210698
979034
765474
471593
690897
256901
274466
178470
545772
457675
112866
163023
462533
24958
502384
663303
732997
508012
877244
184602
397863
18889
917378
347980
479240
453842
989583
653700
16306
685054
198110
743355
180440
479936
214947
871336
253188
5764
566157
315311
979790
679023
478333
442322
220332
497068
105624
953329
5080
499219
654282
919294
34459
571659
783625
513698
25500
773207
167397
558157
458261
881859
301511
638700
361794
32809
26387
614981
38573
592544
446644
18362
787918
924976
977036
8249
938396
599011
477929
943475
98230
132210
379120
132688
703868
162744
162738
245720
935950
330134
803876
910562
728344
621739
65613
90137
654547
608352
221470
209471
200895
668113
744185
505164
109440
721220
513412
564187
320230
507693
24013
934811
639902
403132
583851
860122
565875
746588
622193
501825
593073
942420
928738
321417
564158
994351
927905
735057
602702
149374
944527
319948
333838
688711
825111
959630
926282
854874
523816
762864
362566
547829
697674
518820
467312
797876
895293
33187
544463
517485
51363
653888
459904
980100
975304
540414
490802
903208
275470
93503
568934
736348
413450
419123
941411
754912
378752
867692
609786
418920
146907
488703
483100
360933
7522
950411
158808
419166
983597
219623
936650
551311
873510
912906
531411
365165
453319
22212
268372
245140
632067
353657
497839
561868
772780
439249
316780
667883
823293
442917
86802
970199
931619
569901
847483
455493
36664
6291
874658
536612
742265
327660
87923
132126
240565
135685
497290
210235
157896
282013
455374
306314
635670
953212
868182
408449
908813
701313
76331
732105
144229
679485
218655
592199
765737
66138
564043
802400
588780
955053
339012
847396
282712
426934
979521
39628
562618
476810
249862
236865
758822
221587
543179
394491
691150
927712
319291
599962
629024
911974
848418
289604
591458
583425
398154
357194
165914
962197
675946
271045
917249
14957
118440
716312
441890
97960
272291
520859
574769
38504
274075
849942
260090
817253
760785
951239
261316
80075
67553
890339
508400
432322
696294
616209
15746
94448
489755
698011
56644
165700
969055
490244
180656
87494
722907
138897
701805
995197
176107
276573
33700
450181
642867
810141
267434
403651
277731
45101
483725
345283
935440
508477
777605
631733
124685
309702
242532
614439
7713
299175
780138
493119
305770
477145
96965
545028
616041
798769
56576
792147
75342
606627
242328
234560
416767
26113
638210
694498
71213
638286
556132
523004
146762
850088
671089
271447
159790
913620
402237
683854
729147
182375
176972
551268
659519
273936
96296
791912
589057
152871
584058
180750
275850
342737
415309
692616
885201
53518
903465
956414
691803
459597
995769
838565
826036
666857
626363
502177
580477
28599
186030
309623
210973
879354
377242
386844
669641
473537
178755
258697
142760
279164
439446
418609
621901
854754
627576
507101
908271
531041
979866
600074
506989
975635
954990
333024
158843
581352
835201
255671
609950
537582
81645
337275
416935
458887
724118
602928
932423
902872
861624
591534
698387
817422
10142
320287
672175
637718
343740
96798
685110
839957
213223
192098
331943
168212
41473
7138
265915
876673
262808
875864
414255
344453
213138
347541
803339
937255
950468
252113
356478
328444
843647
571217
662217
370140
407855
334391
524209
751594
947540
209318
107903
677114
917767
956197
845325
959240
963334
627591
835912
226142
503455
766518
570594
716592
630411
890284
170199
97230
142396
43028
425673
986042
614244
87889
872534
22099
938632
396742
290044
402523
122412
914298
79637
40178
870495
441313
999417
833828
68904
351681
576321
88710
634550
663266
805301
264960
553549
491851
362190
695945
51231
304214
198338
665474
392103
70871
203924
847086
983965
10320
249608
106376
924617
845596
146553
311463
286909
662322
661643
872164
14002
237963
960873
164903
417581
282525
429863
971129
774376
308404
183425
341958
612617
381763
523783
521071
968985
727707
368156
952949
254378
134116
59324
178994
979711
205877
6809
782971
384550
668451
171486
914903
422765
132358
79805
840345
414883
26019
811474
705610
334422
511250
563919
947039
893012
87701
468109
861997
815407
352617
331297
69784
486732
390621
765130
982794
112849
771938
282117
497398
956740
453602
412300
379504
102312
8456
736201
33546
34475
64026
255507
368896
575275
819425
315934
468287
907125
300395
846635
238884
169363
177931
825019
172446
84903
106500
155239
714103
394789
953707
727852
351528
923661
140151
247384
25972
664959
983584
59517
699433
47609
315023
68328
139235
650799
900614
123873
557923
717360
970507
313158
886722
664790
138177
59167
266044
244676
730757
980147
639465
200816
707998
507344
124476
364501
754727
150447
29459
254662
726315
245243
818622
557689
313570
957857
208487
730535
81729
282761
447894
568588
595919
850967
749729
250447
426485
15772
495122
673594
512270
650938
874409
736620
158282
998884
101120
429360
665682
646930
684022
391996
892172
18995
949684
722093
976851
674522
452628
574932
957282
416873
143519
69552
267840
893247
319998
210676
425370
815120
884269
453992
982409
758677
190611
657042
273912
808082
86402
939593
455011
286775
847940
863534
305769
797623
101978
282620
988496
554605
373903
945778
487830
517421
15329
272021
927019
335327
482696
868740
666798
883317
322731
649206
641993
513341
306248
915905
321422
909001
371849
292784
195775
219789
672669
501543
533763
774647
300514
522259
845603
674416
984388
333432
708188
999716
121804
635206
851394
604500
20298
518191
487816
343028
683749
646160
372721
506348
78416
210494
415348
450265
19630
127474
186405
692298
629016
720167
983296
445882
758777
828899
120297
743164
678682
828485
742880
800486
980042
110625
921337
339
628816
409152
343367
828916
571663
716087
851615
650079
442932
783314
616695
462561
910787
319451
154859
56154
39617
654506
502035
798394
483404
622332
541557
678438
967168
800788
478923
947209
911413
400259
463900
56580
325762
807266
885495
413776
39704
253461
580206
998987
36774
196900
461548
947560
516350
132758
3713
72319
787263
505748
387064
787019
644431
444972
465456
127950
245760
944378
75158
157172
860988
55409
730103
703101
862674
131949
116876
418729
385409
213434
417716
422182
410333
395615
369741
443035
528372
889805
31705
315634
911904
935120
102652
72686
380091
84459
200635
625850
545188
792145
299373
406175
847553
29475
625627
226579
161423
258855
645307
63183
472288
579374
485364
398972
974988
371456
358358
19711
261261
906414
335345
173164
841533
954348
762202
221624
38807
962836
847473
583994
754980
663198
506521
602533
209024
648499
345463
886799
907353
507121
949981
379640
86495
435345
294964
577834
806800
653321
597545
584412
559735
449241
273928
401267
403588
36129
622890
958746
998964
986715
59092
270296
166264
565612
389180
375287
214110
734642
262085
637815
241762
212066
17454
844608
163762
828769
422442
970561
482090
536338
71325
558176
985578
345252
959442
905517
381380
98684
864263
896695
601750
923354
166990
768013
5317
556169
659651
219426
290810
921736
373592
48924
650153
391046
893531
813914
736166
832324
300826
218255
368661
372150
776430
870590
717401
252224
776107
615132
867259
640369
511827
985360
80074
678816
269724
85390
751337
929374
821167
558498
367461
194759
607421
17613
102156
17304
831526
838321
849627
132352
572928
734640
504501
865709
605229
738254
634284
381335
353385
501542
538055
865211
3253
618128
60379
272976
219869
328067
202350
41036
402916
569810
752146
10337
103775
854301
543992
935300
208973
393618
584003
781900
128257
604856
647609
733486
343109
281892
631172
696493
299786
169227
78056
303038
787354
654786
92366
7223
982852
294715
564610
385767
380876
833107
912455
1002
687407
972798
936302
412731
366416
36656
710983
11024
641511
358591
260861
984619
156834
892033
197464
972971
577611
275519
276009
364964
930304
884726
888538
429507
179440
969499
331625
76667
802605
760432
77669
6363
733229
530322
419094
99644
83329
130076
627020
724840
5018
404232
709458
678203
812616
423273
651174
390226
698791
443534
271542
145446
328259
676431
91304
24050
645930
422929
617068
964886
183360
211088
971249
916588
741409
906694
532584
341090
553121
675955
65929
558138
80186
291738
236340
892802
715011
403865
799379
930153
847398
70920
75599
692008
263703
166902
716057
909632
106182
333125
874517
289541
544212
362117
722481
801973
268810
255064
143062
821930
931018
725342
896419
527555
17079
649111
936708
732089
52975
736087
178594
416725
323358
254192
108732
587060
937445
341141
13043
43627
674265
403912
849519
734828
766028
571999
53152
551190
827062
196213
889471
274431
437906
785890
801986
454985
951352
255045
703425
520678
507483
882018
937402
830841
652561
562486
934252
590006
903626
947295
149984
94242
867558
999502
829069
633585
571501
398573
701126
914914
594785
590597
705697
549043
892838
24034
4027
844189
279078
223803
364866
786561
622173
818620
133753
274733
897457
68004
381090
317434
531650
531073
411675
399207
46927
757095
549144
618427
155667
250269
49692
266804
840865
755388
815846
250054
779421
336224
94242
58499
560026
975460
361411
182198
310431
495163
973283
207887
79518
354372
41672
611168
401797
453346
526726
448723
726792
75869
583501
398811
842490
149544
665614
199706
904932
997811
449760
200704
850386
544001
775554
410411
35812
136964
108961
346242
148478
598595
70480
227996
952966
112151
839163
871114
81848
882240
836188
808640
958109
419688
207450
800598
569232
389415
516655
990515
903577
966414
191218
753962
510415
483124
680724
62578
620087
789684
408820
768565
904630
479299
996560
857596
107802
352074
245061
189649
234313
81249
514640
708773
500936
238441
25722
586519
144207
542377
93385
47783
508790
800955
318096
535556
284078
998820
114486
904164
304855
523305
189080
209485
518955
701991
583432
143108
54064
828492
332757
804729
909740
847396
29853
927028
85837
55575
513546
746395
114303
123283
794178
139444
924237
112273
191352
208314
627444
305837
628829
932299
345493
334261
658135
380799
36251
241566
523907
606667
586409
856663
927747
496149
220410
957599
423176
822598
529525
453073
568993
160179
576355
879522
299623
500591
508146
7326
225256
135590
313162
370437
584240
175006
704697
242374
555804
257299
291
79710
863965
586699
452724
791711
82847
673134
265662
22374
12083
795186
475447
581075
471717
568153
460596
287691
68744
968742
295016
810351
620683
124529
180787
204922
299534
401835
963647
371689
659134
480289
451399
523098
66987
904122
831161
666186
93607
96822
688559
105690
408359
680357
203116
880075
248510
180064
684117
833605
665157
979132
160307
285839
103660
857446
7112
919545
259280
970758
291234
918413
967398
258984
957863
34384
679457
305375
216921
289416
918548
421832
395105
326906
102188
114572
723333
867049
294635
407449
217005
959791
902933
893664
761981
522944
751109
769092
442489
10388
256201
250074
445153
223598
509057
919367
774334
704865
224741
991254
994280
143288
929437
905736
986545
547977
20308
226229
415025
831294
633678
148382
307437
52962
42045
69417
575905
793153
354861
534745
319892
611061
301170
765044
351011
326578
200762
641696
31443
425502
149301
25722
568789
78738
447810
555334
626714
468117
297914
558090
815762
931591
706471
123198
500904
264867
192615
593161
58019
547475
127905
894263
674887
429075
175658
542249
755652
376420
183944
303446
801921
333245
845520
887062
928334
293329
958747
555047
277797
256660
113136
93558
704603
335959
216756
205506
600825
925722
798666
175196
989548
442923
69458
180786
388349
245115
723035
660352
137886
423330
963798
939807
272926
809317
343220
201259
618997
301966
756305
896793
74977
385793
506702
779579
721751
239809
501437
322575
165530
300102
497770
671429
259376
83579
852215
647724
845046
91601
308076
982931
514930
788225
439089
304208
597541
782308
21818
732889
84273
294475
629681
675602
680267
652734
455180
402017
892543
956616
240943
574424
773070
255065
245853
32445
854995
98067
196521
700040
706019
504596
682971
737300
809172
122059
41507
923064
420719
63325
655952
21343
357799
801984
696944
554417
454717
152124
956433
347259
108739
713727
921683
398160
485143
683887
946957
340138
298305
143477
40177
4323
164424
239499
741622
973595
361558
783129
896658
782276
362805
552609
319970
720603
354592
16914
275019
325660
169037
747803
672919
794127
977881
110953
192287
463024
311191
655595
803161
609495
799071
359689
613817
479846
599188
355438
453440
477097
654918
866449
775724
17722
935409
95693
254676
806352
112606
46046
132011
797994
310200
321281
592121
288081
948585
300759
267456
259775
472705
586968
869269
271775
946656
483085
751620
62195
354875
721411
539291
9792
104211
831366
543866
555971
443411
798541
362322
556016
844587
10684
354010
154786
331965
462482
959218
796901
279592
226673
56676
752296
813640
442296
540422
276648
441733
808393
338842
796607
46155
394485
322750
150365
742202
866615
706335
185612
181508
585008
741628
26094
595691
611989
697231
444007
590822
172801
240908
386765
399473
813935
139060
729465
772582
195833
6112
214314
4225
861305
527272
50379
772141
366374
717095
514343
232988
939781
699954
414495
524788
957933
956940
120478
86273
170523
80837
677094
343323
838096
580210
259147
168382
719269
504963
940963
915101
27426
671629
435677
888731
198900
2407
177223
81625
719501
691565
314613
659281
907871
245459
700420
865803
718751
337250
468428
405625
418086
661873
265299
256181
242083
40797
940914
961351
545760
881876
392804
573185
553504
344832
461915
268756
347239
155490
866732
66739
847054
697696
242372
271276
943155
942791
137079
178257
280040
121858
100233
698125
783730
365531
470657
25812
406327
411570
503515
468438
809798
896318
41623
363301
757501
19889
148408
104739
175378
15140
171478
22432
712835
930201
810059
172341
872991
947137
866949
153031
585346
483533
367507
369076
365415
838164
394887
771742
766085
898401
240179
575882
311070
798153
455535
68571
818042
120294
173309
993419
651785
861138
532202
880972
791338
342261
569664
664329
805749
436613
333711
391095
436497
701217
760170
801912
55732
155056
573653
821817
569809
330183
914050
880878
644688
369584
949448
462729
6230
122757
456147
658014
983894
504701
538985
291584
846961
108649
472264
169061
61613
805974
560155
498109
23542
836676
300020
79274
508084
390024
417442
77892
236559
847843
958769
881246
217427
908217
343974
740008
547325
316472
398021
47570
821172
937006
339153
184484
562006
811416
353545
623618
133741
430051
638078
157283
266727
938098
752908
774810
844473
686701
369053
81031
534543
327821
962276
268321
752389
822601
8328
816065
655425
406349
863635
476596
859706
719139
177432
938063
46907
47328
561680
180647
477378
716109
854281
260456
654206
607188
551617
498679
293888
920669
96061
828431
764842
574689
613103
517230
913641
621431
849647
569065
544131
713281
562013
920188
948771
739444
858250
995677
786771
936281
176324
780500
652389
546956
40956
822947
154144
592572
837977
964383
513241
934037
309165
278082
25077
922268
311663
938718
60050
161309
507782
604180
390941
586146
524367
339712
841941
898968
335388
145063
835248
28063
925563
3988
575019
966518
826934
245514
75441
664910
209896
588681
115299
35413
383114
140375
957680
211129
595444
17729
372437
619578
138260
279730
205723
178978
619441
564016
77945
471180
709078
429544
15595
634640
433531
106965
117509
776817
352478
192950
441726
78725
297982
73376
114137
197448
730103
588168
408576
325546
605896
297364
461475
260507
577093
183550
955836
712885
747565
33780
184065
456642
979675
199659
607634
929558
306623
725142
706374
175452
434443
664451
254176
732425
737827
884665
929872
984281
472832
338447
826178
595080
152162
287653
855586
729255
471202
811422
442139
218766
361553
142555
191759
857580
858565
799392
787137
165187
40886
493510
856990
475328
157960
111166
724104
412138
512182
653975
396418
985013
508773
738948
580092
660935
26600
952030
906541
14153
279803
865031
749270
641355
7586
941028
15286
866150
256772
802422
547689
297657
812283
404678
289336
486595
32195
13440
898732
544376
183766
811502
45741
692539
550449
625832
869825
93400
577861
776365
107552
857663
157747
856821
15370
165332
314200
30655
547834
87323
349429
95522
384979
678063
16551
190667
164657
565098
204106
579741
625825
387871
391242
671565
80409
458042
297397
466585
551441
391609
759301
175344
249272
917048
548516
780993
598731
379067
327999
146564
466390
677427
242085
367720
355490
774988
558386
36498
340085
762491
616238
965909
150362
523831
637474
747122
981872
451222
730059
49664
842830
489359
741359
608453
922758
289874
389445
521489
668941
717444
668052
135330
911222
426489
19401
783063
201476
577787
335913
57912
340277
952150
540172
6990
475981
693997
270464
974204
145218
522
540220
988048
6232
281578
112852
928990
571452
502297
450478
756744
736092
118529
408425
163665
545017
427825
946728
262844
521963
798992
837107
862240
751141
893631
385581
743473
587627
656044
717677
249197
172917
774248
753596
179149
55825
866447
108138
143628
368743
558615
900371
621186
677143
825147
784851
738512
769324
247930
517707
291286
46921
871166
669877
798061
764796
55458
57886
352422
227853
775562
601618
400770
549809
355213
579918
121985
738012
688055
265613
106754
246669
682335
727940
440163
507482
29142
695026
793157
277071
729085
84442
323991
600250
754319
638403
881397
326128
696288
233818
553980
988201
351788
954749
54361
223352
534666
176346
961363
739072
958310
584469
985740
640644
828760
942255
664477
857901
153632
457633
651323
882716
58427
491665
999317
812745
646419
880713
138872
859059
630883
209203
847259
499022
163952
417972
722373
214969
110669
200088
954041
68978
784556
456132
225973
613315
398386
406802
987567
68370
380786
638889
467437
439212
646905
466754
768308
293323
863818
423531
152381
494700
632734
515992
993721
796685
933963
232446
11653
560983
432533
482045
629960
733440
938177
372284
346754
852914
295437
850672
921283
676223
5912
388720
631786
652816
371825
400094
946138
235642
339976
98519
246694
972709
614510
756766
285745
64824
989211
813750
625806
938095
295794
772117
671534
233970
144400
534639
86884
956189
385310
524518
632411
391221
429589
264196
44036
801413
180641
506526
553407
520617
605044
800100
9677
735905
73217
295422
800728
62428
109171
426533
516874
404964
198649
188408
155286
859400
239398
242169
815588
141060
283038
964350
532280
712627
744898
92668
514039
441890
599193
583797
478858
720588
383896
488535
972844
973465
300308
773571
552244
409478
716455
69117
330793
431455
773876
486078
807206
13274
244598
139146
154333
527636
103495
202964
240262
364744
811983
270652
806634
927527
854449
285491
648114
754696
290377
137309
728160
590684
910879
280403
516513
143685
349520
847306
91491
639747
849735
898697
653020
610685
37842
323704
654672
657688
526668
411285
22432
855002
681936
829065
782529
52736
630907
946994
807432
921284
84303
51943
511967
995181
332346
544832
655218
198217
392137
746708
837963
758223
161756
7335
885259
199597
847390
539930
373637
890409
951214
912420
745411
149502
741484
527939
202237
888742
474932
9668
810025
559234
577963
838344
70767
910308
383175
725984
624876
291663
989043
979190
566237
150799
502876
451496
866747
350266
507777
240383
240674
458991
152802
986084
608492
410637
514022
810728
815731
988954
336748
142107
548187
914710
496802
135305
341369
879976
861288
966244
687990
366683
461785
770579
517481
964661
738426
384227
314926
246202
140962
555599
705192
810115
58035
830035
737104
572056
157115
552834
77361
493862
694940
141900
924923
708094
277204
266291
104421
654844
748886
792411
21526
210670
79341
539006
691682
817766
439584
6607
63967
96897
78558
285511
423364
136592
115545
160467
708647
789011
229652
786008
282872
440943
444259
724146
149036
721462
506788
253457
376305
255673
45867
914182
982695
641559
453187
674376
459324
409123
197335
39642
506019
275892
841504
929382
412483
957049
606200
637481
262411
835851
939840
61635
276794
384098
785780
425829
621912
292568
679285
998216
64592
241503
912398
563638
883061
881936
238014
858736
807410
435348
414730
313429
227591
256233
759162
640073
729633
881714
793905
992044
717564
733745
53678
510709
634194
839457
452890
256105
648376
132174
254321
712968
890029
683070
276605
289441
81357
30970
664529
888767
982669
79258
718547
210259
335490
477708
366683
65123
875773
160588
57166
593337
410684
110843
620397
44877
466651
73286
300982
115027
721812
71654
827994
611840
754723
620950
901280
836079
651920
565808
724845
634588
161417
443391
361199
496907
437451
727881
562029
313223
404820
619194
422911
815503
246388
559660
860380
713038
632945
677713
344416
354756
749366
688761
482947
504088
309711
900579
856518
477982
982738
581363
628921
144155
541105
990119
641061
494907
234352
203089
808130
639171
338634
747392
971026
585021
307051
347757
814410
456348
25469
158826
811103
774834
847586
294050
795273
673648
194628
651790
151629
177365
749504
296902
837871
806961
287020
478931
301867
521371
682019
626348
676894
537004
890092
164271
638376
197142
512027
452786
169841
53847
127963
980944
828680
491900
791345
140304
681900
502324
792093
349880
196040
57949
646781
33911
864909
933801
512841
683127
971523
711212
309475
164768
764567
199566
329038
402943
913059
357416
372080
82900
411262
16394
580195
756293
508293
887891
896596
706544
390214
688689
56424
102605
262989
703204
136515
127897
153356
165708
811023
124879
393271
636849
805998
157837
352766
135036
560779
782177
8803
932858
381428
420065
465603
961622
176357
490248
365864
72953
196791
272429
277993
253214
375033
540981
472770
27900
185229
626125
709959
512603
267355
103229
149452
73353
261065
18569
724740
338196
800745
733542
787405
182172
153606
253008
660145
846315
743255
26008
919267
940045
298436
197259
709611
189821
254591
182380
734072
439819
324856
444030
952421
592211
547258
618224
665563
324674
636793
390302
179221
953889
123843
966626
136061
793801
735985
796205
640115
995591
338565
75733
451987
153352
789343
161597
343172
43933
860328
593595
483751
185184
37624
952523
777394
101233
87099
959308
942259
723891
865961
121479
677779
506155
604456
330191
299955
340440
642748
456421
852382
981312
532153
304369
651015
321495
982317
510539
365427
358997
104133
365529
544180
141757
834404
837925
759341
921502
797232
701599
161744
179544
823078
355874
685698
943885
202417
985653
800677
845164
958425
653058
342827
490578
957426
510193
328424
456095
20731
693851
815091
124864
575731
875622
782972
926486
229898
542312
847987
543481
243911
526082
723024
583340
398308
408721
527224
600724
394373
327900
962239
352798
980958
305065
359727
454735
331609
688150
427181
352340
898352
242271
993555
990435
634244
776526
916920
864141
835189
281259
407621
595451
323692
130644
695142
721999
539365
222366
839074
450089
66617
801312
319238
563926
622728
678964
535013
954337
883466
962193
306676
781817
720816
816582
772251
355059
109459
205523
219200
944647
486781
143172
56450
810472
273816
751591
532471
329532
973956
887896
779620
556925
689208
98858
120850
828287
294173
655862
782623
177638
618055
605650
475807
338870
422231
764409
210280
531689
969931
945831
992688
456711
89003
49137
783535
362818
800727
316005
208701
291035
203900
988320
847959
409459
603529
968808
237746
897702
141022
20368
591691
759076
142370
583849
614297
80952
348258
824576
612641
318188
770407
121680
291251
859409
687168
74785
738578
487894
907141
947278
295280
627392
451949
659590
36851
55478
144750
790948
469531
285771
327667
577573
561198
470036
161422
175494
550988
26031
516421
679980
860570
803179
801659
151820
178939
488826
226604
917516
493071
650096
381145
304703
277488
349446
480644
314338
404923
625393
105285
390805
427515
432951
484729
988712
419339
646150
680557
970326
188532
713330
166657
49102
516508
484667
200921
695447
489844
943877
129314
982914
593972
26811
803968
871459
376256
284612
702148
297530
426356
323784
204686
370223
273087
689414
875286
208777
851916
555843
179102
40447
785524
862110
605900
818383
346776
806821
30181
836619
267049
675847
335884
377372
702657
656204
765183
595264
457167
467330
409145
883522
307466
613830
253744
96904
819595
129030
305680
671510
201224
1133
228309
503099
863242
834208
321481
726369
157380
351662
562987
424428
27508
415222
801800
246516
71425
566982
841779
44943
550663
767275
928465
374480
381104
698560
471383
200698
343941
777062
388560
545164
778194
616868
48262
641435
451075
886095
884155
608455
237756
963493
32882
265263
378715
351033
511778
966491
434366
869908
11434
985029
637182
456250
359508
534637
154809
347243
735334
498750
124304
640245
560265
902498
257112
124879
60284
708187
10973
460791
316641
765080
424283
865874
30342
802997
733259
58471
285840
167624
444730
813625
669004
81911
269874
544864
132899
941034
892106
384584
956135
532761
24829
32752
951610
281940
157630
528246
990126
684954
989036
823118
450033
413318
205344
996726
732667
938602
571548
534858
622577
16277
348482
807933
614539
134707
352796
747437
75740
761253
132020
548227
294013
156848
580978
245623
955140
254959
773868
461617
939912
762903
801087
906296
692572
6430
903021
425238
461383
474568
476447
600311
7196
824928
408243
621734
475986
761038
885522
551726
522290
17541
616304
816303
690741
197281
578277
162232
968591
352144
623848
424854
631398
424934
331149
840321
947715
750521
781911
925449
741440
258357
525760
748635
599637
934002
886720
75622
695040
772241
627347
733681
306133
760002
66335
513225
473634
160963
675456
442224
513106
299304
867077
660855
240589
714577
501176
188304
981449
799438
113752
722888
57794
155863
987874
657430
89865
874593
733052
301256
646833
876750
551288
469318
636752
617623
982542
110385
778585
657998
68961
808043
473653
452389
985249
714241
683318
2776
418896
664766
802213
49000
904006
860007
204862
408231
33788
811078
282824
766839
112333
446008
159941
663621
915325
796692
797595
897867
423428
92531
72216
492388
416925
545868
944777
402174
776460
144446
921301
195356
809211
723514
760707
229568
99872
481920
637799
133659
292998
920622
416850
405330
882981
576790
585302
314658
889833
899248
212524
313260
991779
284739
322000
408703
346958
783128
327228
123417
927573
248529
318772
253135
972042
595830
482703
588265
77750
120501
238275
370747
557474
171476
292428
440454
748265
877730
755111
154449
776977
483986
984061
768755
285076
306060
693810
632033
605539
21037
755450
533111
269565
590573
786245
757958
186403
785299
862574
264152
905799
100849
151250
463272
272324
443677
420078
536941
837758
691540
207741
614735
691878
191801
899841
976953
14212
110002
125338
619750
131039
397139
152860
916955
987711
455457
191265
690465
240755
53838
470968
662906
671038
622217
126177
459714
582246
62606
513006
420003
754146
720746
551089
446023
912547
450930
939327
926758
560931
64664
62860
208321
461802
215719
641628
965865
187527
832892
656329
428282
886729
643649
91187
74119
782217
733715
533832
364462
796321
46837
300817
66818
283934
851905
29192
712832
302834
968518
155942
380117
33182
218801
104789
11335
950871
746416
977199
138398
579307
149880
83031
982388
793528
690569
56506
575744
424283
590337
456558
736955
153525
757374
320124
437458
609278
349315
150290
428464
317833
306231
324932
867366
41383
429720
878700
992253
176136
855899
130650
271794
522130
213680
254181
315657
420600
827038
407752
844883
933726
380661
98189
87250
138034
934665
41060
263664
283979
707701
208479
118163
530283
533410
501880
571665
479481
380580
563917
171968
752830
210919
443762
274959
424598
214294
106967
845198
41332
514718
206432
491409
411731
820972
95011
549764
755636
136070
329779
555967
360122
538257
190481
406756
71666
692361
978420
67499
72940
58688
239466
342121
269606
683227
133431
210556
413873
240397
55753
971556
271466
778536
462964
683196
115859
557974
749312
387847
210395
79090
460165
86868
617347
650645
493623
205364
343005
472042
272862
932296
47082
512328
790768
316687
711906
924198
527242
642130
680946
99346
613685
952412
877881
593001
151959
510092
667326
901270
414290
394073
496712
874454
480940
114058
41450
974563
835773
900807
962956
108635
349454
10037
137314
140222
843076
365571
580771
370317
7701
261717
469663
137737
730480
863895
730737
882438
890338
398063
300060
304627
792135
796771
179080
789426
910828
736882
763988
746600
637688
243296
371586
987141
769684
25251
127362
612759
390822
708133
983076
398522
486201
969090
536258
216680
832984
783347
99117
723322
181409
399176
27948
489895
712298
723380
279320
623125
460261
559660
886077
97948
319307
774014
85088
88990
799265
728802
218101
190086
953286
201176
104959
439486
686617
157568
656165
519600
940914
271633
759273
638674
187161
303573
644920
899458
26952
440592
38935
3564
251
441363
617863
319557
215376
219302
924898
530992
948103
142998
237429
417740
860525
858739
857225
547141
16307
29741
583093
473572
301374
342365
628598
488534
645937
789869
904343
189240
230460
943277
192803
230710
384639
810665
66618
116367
29967
991516
647358
494421
134513
401139
912161
995038
259877
285737
58530
792535
315478
641622
782459
616851
983987
411056
621736
146275
200924
526078
335515
431384
985707
44669
178445
370345
855334
245063
3063
401652
236578
650421
412424
887442
567911
324584
398831
827787
610321
457361
136674
442150
98982
919132
575352
599320
330187
713439
745595
47462
239516
597461
995197
225222
642129
173642
111919
13814
935056
114981
415465
687985
281753
827889
575426
849663
668824
974257
193802
795496
947969
330475
237645
563302
249606
329348
162622
96144
42786
424568
659957
282302
538380
655154
23875
180508
345147
652145
194322
280202
283478
126138
484538
565230
954026
59963
931245
139202
550571
125046
934697
498539
971872
688694
578193
221477
18041
257166
833972
60827
681733
493928
859480
220112
665433
399706
916971
10579
51851
111292
807132
335328
237430
291669
416909
707807
867984
864505
847008
934906
505902
781705
949797
477773
986750
527989
215601
4790
785154
49572
65616
983238
59852
925095
719701
725284
324801
636671
252215
893003
264315
575698
744682
501744
383719
677942
725902
251702
542447
89262
702959
48348
870966
652755
526121
374067
180743
258073
378856
965896
307645
444472
465485
883848
885918
185185
609131
727070
821856
377697
620072
86170
953395
881105
104265
337113
559047
346518
105166
101493
435779
808124
149840
823096
977231
192312
197162
157973
450385
576018
640221
274381
536841
105705
158228
422758
290890
283710
149828
629097
661407
286251
231618
131153
167356
335882
984617
726402
682399
89782
344246
118178
414257
10437
457625
907839
202749
654787
65812
169485
230804
222384
443865
767644
844440
118444
706753
135329
918505
856580
280777
96263
142831
512394
227415
826538
848275
212031
552939
47026
818164
897184
681555
748773
907620
139179
656611
626720
310317
238774
796204
541120
461157
756420
825115
821949
391215
531868
957277
309720
904799
754406
922334
563981
266799
149749
390518
631426
878131
459808
194803
696295
873343
876357
961419
297315
531887
618029
440386
842204
373155
752942
899675
350663
509361
241142
172611
416928
289361
646240
242999
710511
400645
165332
274492
183795
831432
181361
815220
709563
157521
10022
405857
547215
