114773
547799
406212
438589
367092
406217
826364
723639
336674
335569
114623
378940
196826
311595
47169
41082
849431
977376
933466
241765
990699
289205
246077
594224
469754
467008
957361
612451
129939
416557
86239
244711
964355
492450
199652
847798
415019
26015
571436
751692
877936
202411
646984
74761
30357
210504
632194
396139
187879
565659
637904
178577
371215
400332
772800
840968
867339
246512
969770
997278
663068
56008
758340
143774
64810
957991
991572
996180
500358
79359
747871
378293
281769
911206
969405
828477
121709
601598
224616
309587
167257
378871
488163
54823
779202
777315
895791
162893
540178
381912
676522
203246
437920
434861
863371
502729
909204
371294
498908
925913
450653
763130
820557
248773
190688
789961
593602
312396
391558
334569
138335
75166
713439
142849
129989
492640
920163
542131
171884
460341
924042
848405
179938
878313
283266
559660
897393
708821
930954
912652
634733
897958
192134
455289
663082
382821
761601
256683
211568
153158
591251
349902
744676
304689
9103
391016
313681
929265
449498
485564
905957
373539
850321
602246
768204
649938
161906
665596
358758
609211
94600
509842
507168
286733
965130
170249
185905
726730
943284
397472
396239
534534
263726
657266
355575
272828
48281
669255
718444
497778
671170
140753
387669
521490
259350
672224
171427
421255
337819
46536
30465
948770
556377
53984
235502
37858
740585
421406
280939
683868
335230
193530
218401
115307
850795
573975
904486
899076
759581
622929
913205
947103
280033
817225
984944
539383
489448
672723
476989
343619
719258
507454
292388
791987
77789
527890
346196
818373
465647
627135
502240
317228
820664
720641
432534
671458
810967
337019
86885
86900
476300
516442
34002
756332
333666
535297
812066
823114
208019
289055
683084
443629
312860
975471
235615
390648
19712
98162
209021
485359
725296
711260
318938
62311
948252
751472
250121
275571
604842
853357
362470
81141
369798
912823
353825
219816
448119
165890
559281
172490
971296
242364
616118
284155
217834
368084
674803
237546
466245
400175
239256
191541
111434
74545
770203
576038
826016
20323
851608
947210
873680
730429
544702
759829
159603
898526
979644
607721
580768
538924
780210
552063
781287
912679
836218
515473
280762
27372
269370
747007
427546
24977
454899
55331
99521
225101
631368
441889
761776
999327
389098
635455
246107
933799
911635
405709
348677
891279
529782
929444
430202
309991
997858
727841
222670
350427
759665
19783
377798
29034
766789
805343
570362
738039
377026
669882
963140
8393
628122
241267
524072
17219
876721
770178
467370
788355
175887
816046
195985
705668
261841
142539
532010
776050
386731
271031
126477
146395
290814
504274
691780
573954
825969
262141
828345
202994
448374
791484
727738
592848
32750
768161
126418
425822
538339
593787
730528
230577
926184
926513
452596
188024
585403
500957
964074
972133
771988
606902
118527
579153
627527
326658
669458
969847
588798
497802
172840
553523
805637
416930
662722
354738
185090
789140
296911
239780
382926
543791
470356
825462
986655
439303
529837
572057
940260
10262
544189
228599
617163
179067
324103
244690
505724
993560
214536
610873
7714
903728
164395
329702
837009
827117
200792
22098
132608
497702
261878
515533
41492
248585
857346
28146
687888
387183
116554
628147
397444
660742
373097
14607
839808
697199
775648
345531
207110
506535
956403
731175
410262
637150
60877
247270
980618
261668
785720
113225
275721
563949
145109
833565
812533
2455
861710
500420
389637
978264
644918
303432
155357
534366
