675224
648594
449012
296938
915591
827653
599278
968239
119296
9176
496059
530009
75048
702471
407710
297619
110465
25579
163352
671357
223433
424551
268537
701568
754570
981431
216896
90593
965654
667714
77646
157229
316307
526657
970519
231897
354309
86148
200136
989956
95323
696194
519964
170370
915016
927673
984340
541832
469604
664043
213189
209388
88594
998077
427307
359515
495859
644202
966459
461512
311916
44105
135093
628222
570761
105611
860119
441422
191758
576606
431377
287080
789151
467693
973801
220518
911717
474492
762350
381320
138535
491890
590708
743480
489966
18014
102994
985825
662216
69452
963688
490483
629908
98780
118704
200669
204390
495174
158442
912499
588131
106170
199578
377281
573862
689730
597799
485579
164222
876500
383250
302756
368389
973957
46235
858354
508323
665580
844178
686890
251383
807866
177372
881291
422997
812427
598311
627387
823953
273104
56237
928435
379273
255815
305716
469487
461896
419866
955065
142469
296365
338314
961576
664753
828623
524162
39458
853297
189741
399988
540186
441124
724205
233909
838766
147201
562687
953428
290939
902991
226531
347176
831426
605803
119342
653493
591641
581237
73358
546705
723706
886074
401371
685281
550826
229993
725795
106635
83289
915535
506622
139826
873010
230826
373734
228127
894379
936420
181554
185317
839411
408084
532492
187188
530239
168185
840680
121879
749422
430389
184936
989479
316462
586306
191111
383639
816298
916905
490273
415938
348792
996895
555763
221801
744072
445848
966280
638450
382267
147833
340119
738029
72269
872610
441568
602507
40795
282247
240737
306568
712635
425672
812398
29096
528329
519860
929086
860978
436765
419359
276915
301908
932605
349029
40060
193028
794876
6339
831478
177143
154172
171596
431523
226440
560557
873091
345298
117703
671689
102386
940622
900676
44410
753019
446123
572738
789231
375209
433716
225995
794567
710630
44254
243523
59659
84313
436550
854534
90652
784379
548028
244823
472326
495903
987614
549235
885345
849263
666937
557033
951648
123911
974060
996057
393281
420183
568795
182511
795391
518862
924857
106309
745843
969110
349831
321853
53423
302732
692739
660426
603463
757118
421600
592140
253020
409213
141374
654716
258475
324663
211749
726474
448573
702160
722531
358205
122342
807677
540716
917732
326538
465572
24040
72380
951034
890222
394233
520808
709306
86971
181233
829120
844088
602832
421259
613460
528396
562633
268175
786870
403647
996275
513343
368571
698435
752225
726775
820776
559901
267490
254860
886438
249414
278899
475170
716799
685473
385754
237606
911130
989076
935190
740249
349515
538021
677859
962974
66416
240491
747501
369637
160489
743775
399331
529059
958561
151556
772186
779337
227808
556027
34196
630598
805440
829446
622119
38590
31270
7872
276195
458751
996947
211384
198999
346461
265756
876858
825787
848523
633700
573287
218159
310541
833413
133842
839599
791974
801749
128136
571310
545908
684163
121857
176505
5954
467654
798623
44544
15276
322846
837090
474026
319792
48474
189377
182605
830581
582586
8391
679104
732637
98029
413614
43177
931441
63807
399128
723414
865555
527263
811075
411463
211425
932931
104319
217379
916937
902942
778274
448564
225787
615363
922589
61931
180188
628317
244535
10769
210902
769277
206224
943539
867305
619837
503067
798745
199996
418546
522159
65550
462161
849585
993364
673585
298868
97683
407315
215804
516976
185588
664367
259114
317303
103307
837396
497490
731624
81930
24610
942525
367558
230833
402415
751214
367022
421834
66311
567017
840379
104821
148918
302539
954405
142282
492476
253272
756316
416142
469075
789643
118082
649793
48756
435384
753100
402504
932873
1075
785
957483
459951
368343
704667
862366
119556
71688
284199
185866
155056
640929
290686
303974
459820
761443
962607
952295
14714
235274
368436
141
24916
2869
649933
590023
438252
919384
992526
887477
436810
993311
361311
896761
878005
65977
759126
513912
654017
559676
216130
809072
716956
23167
113045
176775
784609
592003
129069
799323
827276
13857
799463
368543
533077
965747
474918
971329
401483
467443
375157
838292
977105
736467
735052
855109
318795
10529
885373
972811
86556
101502
298235
803512
124668
927631
980286
909277
519634
625707
708599
863261
155915
24413
231804
688991
990159
706721
176671
907993
690515
551827
746285
667620
804645
997688
39080
639792
8217
924452
128954
94772
25953
427188
414635
666973
354819
911273
576249
390804
536979
801199
254064
209245
825611
2219
414587
332121
708939
591258
240114
915806
659436
502750
99777
980433
500437
138856
620224
508653
579660
749177
119777
121964
692717
534411
788936
563887
445683
365184
954690
499013
166382
725105
708257
508344
727324
639196
840465
952614
746805
596930
868419
406240
99679
968195
903024
600115
623403
39599
108768
719414
788776
744896
841377
997844
279306
146665
561730
241341
28200
516419
740353
710934
241523
964962
219277
485198
604157
576093
437812
350961
173022
306230
273552
272700
790777
176576
872815
414179
216174
497934
649944
521301
242829
7672
35496
38486
154336
597225
279826
698888
629995
536531
409821
387870
501492
629097
873067
622000
721542
310878
972960
894563
133460
762863
683615
924236
939438
556429
854766
671964
570714
21061
709616
329894
28732
745112
368379
699420
342336
164557
398307
488683
701087
808127
876552
718930
953575
265970
340929
675116
93200
313888
86031
226659
76750
769645
667246
532540
326073
38363
720855
413138
59423
430470
259383
88154
175581
627761
787573
34269
308669
185879
39303
526107
510357
915854
245036
463932
698175
585964
655399
791374
899851
741429
18032
492953
511073
201629
541844
353497
239991
262698
766634
299413
693167
26016
903919
385100
170129
207843
935720
995149
910074
975022
521256
420430
407227
766291
400713
105401
868607
56112
413127
284809
313892
947510
777761
824965
149139
835956
178461
389129
98653
461447
204894
308172
3814
108812
693271
690294
833006
145342
201795
743079
120363
723050
163509
43941
5692
80573
665693
874298
136684
78819
159107
966928
26329
453219
791892
175467
289175
486704
80947
904179
464502
285840
212350
984668
911003
421972
191313
744009
567313
393107
3439
204027
632508
166947
247967
154552
763872
430012
545201
416907
508830
220659
383834
535158
673878
175725
226976
479404
178781
824275
899934
159634
626466
628636
144301
53821
50607
335614
797829
134272
245072
317619
854650
877580
484566
618969
548483
764789
48980
93683
181695
557809
314342
565529
609319
504571
257605
352646
983974
436385
176920
400259
112371
319738
28894
256671
373558
79501
108636
687738
730124
353708
5356
584773
747639
6273
203741
296121
771061
769072
389803
952756
326881
220496
518284
452551
725066
292240
321548
225391
244977
14820
625650
357347
334557
654543
614017
708114
250395
239005
395851
496870
109064
401206
81643
373054
407479
801735
669174
694891
570807
575328
647646
414039
312176
682281
382941
37241
974521
704488
262632
219497
719307
404633
576843
53863
59175
707211
761976
825922
946215
157826
322791
55278
75384
920785
944683
999214
722520
130208
694104
809678
221888
341750
223716
534063
540382
606656
571303
514902
827495
350286
250750
546802
754918
827592
600664
330445
51155
878992
156366
997369
553169
995508
568999
144904
916293
513681
144117
155164
643889
838221
964841
865776
696322
704908
916190
753055
827915
487492
267957
655409
837778
35058
718562
109047
862650
835578
439491
430156
714569
595856
427524
784089
107716
512874
928993
24008
542907
73109
695523
703147
427681
660363
85274
640354
881622
1463
393409
709536
5306
177717
881296
359435
212774
599858
468482
591775
435435
907972
21930
666355
20180
965806
450443
127895
478679
379435
151902
537937
968896
847424
241083
396576
24138
842708
36930
422111
844170
946690
647998
849476
124406
529293
208910
337179
645502
193743
928954
597288
101715
467235
263642
121894
433040
230437
249788
911719
609871
918041
449655
95118
281816
207090
491694
822305
49797
44975
244415
410319
508016
408764
776146
632421
938056
985055
485951
99910
695150
414904
697197
796864
882139
477191
435109
315178
223979
201248
743248
350201
635640
709255
445319
917455
916344
453364
256111
482492
14690
16877
892810
522705
425640
668955
155125
880047
170362
641075
496308
865511
572331
709857
178726
970821
703399
613834
802350
927377
815081
545598
277577
450720
254852
722895
884526
687547
692610
656988
170038
707299
673864
579200
230003
615855
248154
385127
12253
934867
542554
508561
800377
114884
218417
979102
85704
438167
109287
404405
365543
924367
950002
643119
891438
721205
882366
292315
925103
574975
949302
611493
282274
139517
190692
512276
271723
955197
413755
283976
890064
472660
308888
206792
587543
43656
702246
189598
481822
811532
110354
847364
735899
60356
6834
143688
297912
889199
436003
223015
980526
385304
350859
262799
524821
57902
291426
796543
13098
221532
596870
419513
694191
905757
626305
798085
949412
328550
504034
431233
140081
614388
794948
392331
191095
801782
536019
5358
207332
972021
744724
187857
873676
95582
967007
914848
153483
774785
711391
682933
512668
824612
102445
723211
730369
245101
37647
196132
90002
58033
143717
230083
188772
938664
138765
379866
256797
191135
901575
464129
163155
646299
168337
553183
741880
651696
468030
411715
942832
179420
610999
455499
520384
229795
695061
250752
474896
732708
446883
564897
790740
590599
311331
495863
45615
966448
392080
302411
157582
293654
282891
837089
939952
967580
390271
198184
619275
858300
126250
562106
554072
737248
533956
74455
967042
229017
841558
958289
478076
288440
39538
785167
395391
867220
281029
441005
833667
673108
259767
991249
966761
542658
344689
423065
510237
734959
137600
645863
593258
263849
724320
663681
517448
258275
738135
484489
3643
579692
959130
998070
384484
998667
783236
779874
382238
580616
737230
215905
253723
996996
723505
736836
56005
68193
676252
566241
319503
813851
728455
429112
77699
452774
92793
595146
711049
347279
595986
231043
443323
555115
229113
827806
70133
12348
124031
452371
109316
377612
184627
363038
890959
908131
616225
946964
492675
292476
29556
328529
106326
758011
757640
700376
210784
366784
295521
438184
714063
891507
669227
157385
962973
898339
501542
33106
427038
141924
1828
536353
519535
186454
415743
926845
610936
548319
873808
103610
840795
419716
432138
463472
177726
706129
163848
904861
72913
459368
343045
303327
867226
12271
977063
830199
426961
478604
379656
370350
136879
381483
423055
172765
84288
355149
99609
695223
903467
489769
798832
260613
909484
747321
724085
603561
453449
404284
508421
42713
380003
851465
346039
247229
380087
323101
593779
323399
318056
489786
693749
971286
387620
633155
144050
471907
988303
243659
167129
408121
249779
965960
185086
159262
229632
425522
762822
199432
829805
787594
242145
209807
155411
104535
973387
535497
943988
83517
858896
262043
573302
68996
233329
960921
218502
893730
432827
206804
653740
599955
131276
903518
82266
316361
579131
311897
741882
858304
27681
88038
645898
786177
297845
801308
890711
787583
853156
351050
871100
228403
613093
444401
813750
362773
405322
32251
772854
838148
755406
426594
954455
886682
330111
36720
719394
425594
864969
977628
283897
409001
65665
929794
195177
363509
247453
602239
151092
616961
953289
22191
845363
566381
982943
659113
445505
388264
207715
218358
742764
963121
161303
697218
366154
491414
250289
601899
433359
631609
579526
717255
40609
645191
163401
235785
525051
410853
838024
676142
544165
791312
214684
389528
874044
197627
564992
835900
102242
772706
570609
361357
252178
731912
574926
134683
739677
825215
736582
173035
456823
316107
890289
13784
477649
53689
249568
2700
980894
603943
195193
525058
395254
926229
430937
785649
123855
995928
621548
742448
284986
192157
103805
53515
924068
678730
704550
663744
20296
441131
353130
993471
273589
243418
7254
751238
813459
773173
270289
794352
377116
465481
835761
288721
391709
266698
74370
31915
778977
212269
290715
580314
920777
394519
633829
844844
589600
338378
24939
126248
295860
894420
119718
85800
137838
126971
837037
951296
416495
107325
261999
793610
89158
97759
82331
480866
880808
673052
29133
659785
885320
319847
240098
806097
230717
390278
167292
336668
245007
708583
462915
540866
603002
582632
626666
257191
225954
980054
724838
642449
603731
986836
436058
692888
600947
34740
690105
481754
707791
235589
657890
109463
555435
897988
915559
302503
804617
599202
639171
49624
824136
102085
106841
943490
201069
249858
200680
427022
229912
925518
585822
349994
428705
538232
559233
29651
572971
249337
27757
797114
1278
685646
906576
73064
99985
338486
375567
904602
454039
531089
954225
278175
633173
577417
221664
834241
827275
422343
777615
573538
864212
363436
923531
292917
901667
482763
838919
990990
248451
866675
788103
249728
552321
694678
322792
168657
549515
214710
73258
3553
745798
543834
281727
378970
121251
503390
729563
464877
442085
23529
38414
306296
903316
961944
115564
321335
961058
954483
312324
209508
821157
100426
975588
889829
311455
814731
58486
377321
29440
648095
380873
775237
191929
662600
670558
829531
682341
916472
810759
640777
940000
849172
947073
843316
327467
578988
681002
288524
533470
993325
14383
870979
610102
989970
277159
437908
804700
851996
815228
834139
500091
196100
125727
208371
375051
796285
554253
573744
712756
365011
214520
169108
730534
677944
528775
58000
256932
209776
862875
306753
719452
877257
177731
329553
383579
454890
283812
188278
306885
99039
538769
323327
811490
664495
531697
186541
977131
602301
760284
206239
967311
974803
375346
697844
169099
904120
272195
426030
630247
135069
732782
349698
12326
426865
679250
395904
398106
963061
100533
704990
578451
639301
544669
389940
820148
592717
576480
797278
195018
853115
519868
678680
344270
895213
376524
513368
315684
648718
939397
945930
783787
188530
295627
312464
615394
491228
708367
13499
970640
808899
234841
549090
964552
779509
