245420
331450
665607
491674
627172
956011
644085
230587
146778
256052
14389
832854
171228
117674
439643
663064
231179
523792
469625
58124
42564
748878
414122
12841
646628
22623
665614
445444
955984
38017
99702
717755
369466
765308
725780
512990
237671
369865
743576
384448
142268
757964
733653
313495
391990
689648
492910
139520
729791
962534
197643
772354
711411
128116
301546
358038
667090
967160
803481
623073
5176
419535
340828
890994
701194
66607
403983
938864
952823
663910
839664
611442
938226
573316
441289
330215
779315
934198
986086
509105
896732
183728
281459
124494
828196
99356
998884
495285
66515
802364
118358
588043
738250
975537
995388
439444
558495
915722
378307
27670
95983
217970
639111
34208
307638
80399
880774
86952
14597
866859
112409
427680
566939
910219
552173
395134
9574
551056
406770
592441
869772
41479
696835
608021
17015
208574
563816
91862
640647
942123
119531
736629
676444
274993
770837
500433
355392
651610
103737
886340
34821
216145
314019
601759
642715
382543
996892
652288
449951
920013
761080
836074
961492
974266
960446
978506
182839
524262
586719
823485
982736
706249
560114
175531
981242
847302
675964
852985
498911
779700
739324
533731
512196
569694
651841
154910
468588
165084
323549
434890
85097
600981
270963
46588
575246
747761
541445
274437
788374
128164
97921
771109
350764
174386
462991
848357
21687
138954
701341
36950
435005
957016
87032
947200
43061
738873
102109
511649
903956
942010
462890
505404
542990
733853
551991
118235
997965
93436
392671
786338
737951
6944
73798
88714
697681
536788
453423
235720
675742
154763
272669
110746
628131
876052
574298
671191
131276
676406
699191
35232
134767
162081
56987
677756
412285
608978
312343
410249
218765
705013
712938
956715
228308
303087
561780
925989
839874
15202
678060
31967
686317
950728
659065
830799
343131
233362
501989
474407
426119
717532
25990
560886
879612
82976
754993
808248
691953
67335
734848
427069
288700
447785
900135
517007
750871
461915
959347
107096
993468
637406
139063
196136
104485
314479
26934
963968
547840
45275
438374
490310
762806
464363
567547
158769
63690
322540
967016
271995
389874
218215
699063
678573
182351
599198
711932
449573
577464
671278
556668
87283
825036
212082
283419
445872
526560
310352
926191
590751
355626
364564
597413
634783
345278
164959
793551
408968
487498
276918
680962
877372
495132
380024
72296
677482
495573
784227
127054
73036
971857
200074
676671
313244
412155
960089
275467
455067
786792
201658
562169
658770
566221
159581
293552
427851
324540
603455
836818
328389
880372
34131
205760
891856
930506
278056
85689
426079
578634
729095
15466
550490
929168
692136
863733
857674
168576
139200
312740
955368
857209
391261
614137
423429
550841
424040
851279
391732
27494
204448
720121
424218
238578
925880
316073
169084
720287
401761
111514
815273
130855
126979
365762
576374
335467
745847
434048
504042
401398
263139
459409
258606
654399
589897
198386
721592
13937
566017
113323
41430
770464
833443
465647
525394
275675
298071
694477
512313
699832
322342
327585
347038
449320
209699
923412
784786
955545
873811
288828
873294
136949
264588
131899
307700
854485
846636
545643
868421
412652
658965
426202
699468
492408
408201
224861
284434
706271
435689
796746
922454
758030
640683
785844
207349
850381
225607
508487
322277
99417
313666
195570
752717
578253
843820
576768
949089
690455
122410
333861
619459
781375
760063
318926
790134
684615
543786
74567
907237
979474
387664
346043
253855
28346
131886
977555
395078
357492
486041
717354
973260
316058
429275
725976
894311
273094
302744
359751
479901
425153
693612
615711
722879
970026
934636
513012
654640
994773
103930
78228
490598
7946
940622
744452
552643
72507
722006
947721
946350
724399
665074
435961
40456
610701
161937
451118
883794
981032
810869
880046
406184
504480
495756
129063
474505
946743
158426
645496
941515
262356
240075
432112
270301
180697
692915
822943
769555
931273
287015
232257
655671
468441
668217
696126
79141
346505
663596
962934
327536
474464
359332
733720
495295
855087
379134
969799
318182
537559
131646
259696
316266
888072
208160
102918
68768
417426
442213
838323
348698
729227
586931
520720
197667
255147
216846
276807
118004
396793
756093
445539
871256
115424
695610
366550
486862
591095
852700
805043
128654
500697
581091
961271
388768
305602
64189
457536
723027
506401
812210
588077
235627
915492
108796
949646
686990
841993
226452
804993
238785
982544
250532
626392
614319
946141
509293
101181
537236
361992
422575
182241
862688
520017
659863
767808
825618
724051
225343
64997
746803
553904
169425
498782
469395
278220
448427
156384
636565
191230
961377
391701
173774
728260
18093
304444
674400
527385
405624
727987
405729
344551
426579
784768
864567
86442
552575
206537
326844
294269
271533
73647
848172
440957
88780
833918
235528
53558
506654
388444
244787
468030
780145
934912
712641
314589
239356
903392
841973
161331
631379
764053
505881
574309
548821
370448
660750
617747
576984
987594
912016
364868
577592
276539
322176
666371
110457
557703
236280
617110
462499
481066
601491
242643
415978
314131
557231
655333
733874
915555
816663
365252
195960
838896
455913
744780
209343
116662
362526
302678
620607
790893
667545
714550
67432
989720
897272
177888
63774
133551
311349
526272
614617
429191
285266
546946
259673
358848
202278
993546
790755
535292
875150
986714
374187
331062
247845
99881
964075
126722
402558
101034
917615
586454
815583
985046
576173
229207
679285
156299
362757
506985
198922
493725
452527
484188
40670
712199
359387
759299
222096
150141
294591
97245
653206
185129
944658
901050
285010
425085
544124
203919
526118
461738
790373
858052
963135
882897
87258
158771
39195
450015
665755
238117
943739
118281
238656
984409
346831
598042
743707
568926
264535
554649
182523
917740
256130
127180
335142
541139
552264
879265
261409
594733
857354
51781
452785
820488
934678
540042
979258
490224
506408
161364
728340
966499
279644
483347
950907
142826
597741
210965
711751
862275
281966
894273
296366
538095
21453
147859
595585
90068
27123
856993
684801
884476
908774
653937
221315
359803
193978
200572
850026
216738
361935
94718
183236
157930
578064
650494
300755
692156
861458
528858
554430
659775
423130
367148
197869
960934
515006
793453
567354
58481
166798
252154
942956
75571
422442
680623
951725
132771
881194
318102
349508
759481
412819
532743
433762
507235
183236
250869
199390
561046
779726
270172
220820
719207
637319
418689
196493
668676
728493
763846
727156
895290
532351
186464
487212
954792
867086
955288
87562
264631
273390
437070
540463
202560
486164
974225
709794
185752
741445
425536
746797
37522
695707
967616
273080
849377
902656
469572
34404
147501
233417
761560
559142
282119
948023
562706
236910
331460
517993
840824
596090
791382
794245
136553
993942
280408
627129
220087
466159
368573
161974
729307
406094
857680
213275
679173
223408
632282
665097
257812
779782
414865
535723
338924
696984
97
901629
450245
331556
935973
291068
927645
727355
85312
580549
237648
882072
207677
974086
864582
92601
136060
593889
15046
510091
323515
210571
249851
955796
875667
507662
735578
290531
559736
590853
987514
559832
8833
437759
891387
944805
245178
335383
188511
846842
915932
942510
245265
639960
916596
109846
248913
569007
220086
263958
595449
543600
474528
845299
499396
866546
869312
751325
673429
429047
342177
177294
988878
351009
615052
396616
295813
376582
731999
484324
223423
164282
943185
468687
320593
376132
94884
569505
945138
314970
349815
540587
374921
824342
902237
874316
207240
771549
625640
880668
716947
484168
57961
705825
835176
189365
102440
647341
82298
350790
648016
305720
31423
591200
290758
352016
967332
385641
921520
428821
216962
271334
485759
108235
612028
387996
982550
335619
675896
124542
216286
392842
608709
790598
615018
960237
496314
233810
607577
578611
100951
771944
400682
132374
363143
691439
484389
846826
593432
922260
275647
326745
709946
761405
434979
321973
665752
417529
173943
341647
58422
390228
250841
183482
697177
382210
660070
193491
132371
783998
772101
233322
555941
172783
365695
435436
380573
366435
282261
974004
288694
74259
817101
998639
835664
252079
836963
17767
185959
10905
359414
244380
917484
126606
944214
614661
508815
604283
324503
157538
388281
612955
390859
944221
302089
272905
896008
682662
639339
178269
173017
928032
252527
990117
443023
604542
242196
279985
138661
428154
290890
14426
188886
208373
141031
133099
339385
166197
253733
663887
323734
642013
793194
230944
102586
95282
503848
998593
777943
143186
693213
467312
71218
462092
457428
514240
582985
699623
310576
721645
644129
601465
736070
349366
326190
877100
998816
181926
559649
252548
362165
399734
894561
155358
630678
513498
250639
134525
512090
544934
277711
721655
12245
865280
183746
986024
895871
766730
201999
206446
4727
846127
324263
740796
195492
166804
134248
194307
348729
693896
963206
227245
93629
374118
898954
240658
887615
149593
375183
916057
210878
169245
637711
739474
34524
337808
725497
930394
620889
927495
653191
625615
289973
977453
366411
485464
144256
500658
196122
9337
710905
675680
752933
320885
49797
651887
561543
937412
317831
936725
369820
528708
105969
523882
268181
656844
861689
510029
587237
482577
437524
756779
624544
727496
734232
990954
729312
394839
7963
441785
920527
235219
117464
673460
556103
683613
325346
117645
621024
643176
570721
507195
688235
193041
31076
472767
849884
409116
982795
953472
408044
936670
710251
32587
180518
960834
539892
909829
355672
64206
867965
792551
299424
501781
982362
855527
185393
824059
489523
322768
467234
60244
829962
671820
769636
861037
660938
619520
786504
160084
572991
194547
96754
799593
227134
277271
760426
767025
703451
632450
831231
571415
425000
647006
589547
407361
502532
774939
231419
508407
97706
215004
85002
927667
403175
854637
305055
64112
474156
91558
224195
563499
286105
837300
363091
29590
630922
123517
312966
334372
755966
660548
422139
697317
307554
11685
621029
326437
786624
368799
834843
400681
100154
919844
328348
503328
290833
149754
83791
281340
241312
824337
844838
43768
661637
724281
589709
292558
364149
902674
626930
636466
563222
565420
333782
870775
93456
471162
197211
396431
839960
548406
797112
940113
984601
641811
959792
275433
791564
43582
556773
549227
384270
917962
109346
45906
642242
699054
338464
522742
118080
481745
159207
681301
563516
9340
68427
656971
480501
781989
53402
836812
330394
366865
293276
314995
8675
253067
590427
316590
813000
663551
382169
197270
581513
491514
759527
740106
706920
97990
262848
824999
96086
422054
22651
659601
947746
91077
832924
428246
873065
402677
781410
719811
769541
74685
551157
778215
844104
657935
611156
173455
321486
993324
887076
419350
1190
646603
159455
224461
260944
938654
49459
357030
877060
588461
532982
824805
679537
365905
769402
68953
768581
550811
305115
54473
625496
856271
349039
985951
514206
960195
159405
352043
469870
46481
771392
987411
693083
447198
211871
954026
385852
777681
827407
779263
366141
360389
604067
562029
242645
373468
147334
527578
924279
452448
582050
66126
825071
447441
52076
855628
407635
211480
207670
393856
774312
495413
381267
467394
458962
109489
421420
361165
403522
765178
140427
769662
125566
744493
848043
884563
634313
995376
928492
74943
964175
26893
141068
789245
474333
709495
644872
398319
437326
368893
792175
211638
380657
689793
679031
839619
315633
616802
200783
719154
381980
857562
5168
23897
602054
853210
424811
236366
848585
353302
827660
329111
380195
968727
118356
854527
194573
279579
252846
631899
164824
561372
359888
545480
251164
38918
901450
83148
172072
618585
802302
70403
476146
807469
94299
594551
660678
519110
347269
25614
872411
174928
354724
768957
660007
989431
623484
854579
269010
392681
2829
950185
954052
362716
12016
721567
917986
913466
804714
90057
48402
123367
160459
524547
930835
771109
635449
107864
290218
982717
133477
678981
673997
4553
964289
334003
993983
587772
704933
779344
496804
707762
729528
967207
586829
741544
205125
504814
171361
9839
111222
219762
649557
788032
260660
580392
559141
896108
688255
365710
395177
338084
561042
69173
342636
525331
403175
336618
629454
624459
632314
642610
848572
878193
609816
435401
136088
814941
456566
307448
341131
84140
43561
990687
872171
304220
571078
431311
716680
775685
313373
628208
113768
874414
697380
972755
916096
616906
825724
545550
241364
458037
188159
89936
336230
314326
41688
472317
129266
14605
296117
986748
98744
339677
977435
970915
160249
64864
918577
393280
356900
748301
21487
470667
622715
718866
443421
55162
852123
269145
117063
93486
243533
305221
699773
579762
135899
257812
568431
265164
272417
380899
251912
371160
720575
745698
858426
397175
810561
293355
306806
167461
41655
328292
154479
180721
563509
114252
752235
415631
899748
869297
25469
143280
690870
241593
239394
826768
499405
324176
91931
771821
705074
860194
659332
942000
122243
34110
855527
932804
843816
162332
616616
401822
6976
287446
98895
570484
401697
851129
502467
817796
720425
44287
961076
411294
285879
716821
238061
301635
40996
846344
589807
262421
222889
765491
204420
345132
799600
59946
794287
159767
222278
927254
561588
229253
214699
660482
316088
132748
27962
334906
466895
748387
895544
944322
676032
697775
661142
430445
999409
218489
793140
105568
480909
532380
871058
685329
393863
187009
261626
188149
346775
255
631754
424714
745859
362805
601548
61947
495552
629509
913204
962446
894247
808748
906768
86631
22874
84261
517075
538634
302750
826566
644201
300010
358945
515258
501690
752808
218618
763316
457308
565392
763570
89062
506458
25781
451866
108005
87727
463769
253865
517282
942566
148112
842381
365685
234742
865254
449946
268168
403888
269047
94733
48088
569056
970029
79698
587098
239188
298315
866765
696496
380059
146686
785557
886516
172466
753774
994520
776544
217542
764736
293826
160107
912847
136206
525792
663940
517812
492089
448459
921699
761135
59543
486138
846542
29572
82187
949991
268759
896854
816755
965254
276912
963441
267162
679779
135906
20935
190650
912450
754828
955385
722627
914935
384584
858832
957078
48523
892995
449166
496982
331045
726652
556524
333535
89545
102447
415721
39536
887558
828926
856290
369163
622189
336082
636325
301967
471988
173611
492616
900789
928439
964353
623415
359725
348936
998598
833154
913810
891593
798671
410791
222637
41674
483667
72523
131218
102465
488244
687105
990022
833521
59747
359185
455710
395828
995509
757676
384167
685471
766644
801307
130261
247348
424721
489985
596283
939671
839490
510092
347615
638160
437235
86603
679833
437253
159126
327403
539717
163721
14507
529739
997241
74253
888923
452950
986433
400783
726978
886951
602605
493621
688258
732866
740968
629330
739202
853602
85352
578692
880045
432966
733203
317279
519569
413036
270883
678694
740438
810600
842414
271296
856690
839654
861901
261964
808956
848333
179098
535933
251635
781702
29553
939892
30919
286872
85574
770121
656825
170925
865164
536869
603891
114718
370500
639811
527753
641382
318504
784542
968333
677269
55838
825022
33274
917738
86985
842229
282422
782434
378161
534056
564136
924065
990300
595054
727288
75873
881526
384112
763149
263041
437333
883391
377759
807832
523201
421863
965565
358056
722757
933898
551676
778594
758919
584950
212683
362256
943530
11456
144689
838043
545511
225176
278459
52162
336582
522099
644386
734459
906210
407535
513852
343542
807277
891610
667725
330478
829824
633290
204885
552580
567187
756561
847525
842457
857862
60207
721064
317743
588014
382105
155785
649877
607280
950596
702038
460213
472694
862776
194672
378903
786662
708523
238797
593938
116484
422873
440767
462659
56162
645652
15239
139700
918564
862763
982157
292777
439322
703220
610519
543687
601676
766304
193563
208956
233251
895601
669168
705944
274728
380191
84846
61389
605065
839994
655326
721548
262867
96093
700559
835380
258096
715797
975080
693011
94911
473588
985787
50584
176807
112657
594271
778483
395312
787833
503790
628562
199785
689309
334505
474512
585852
419351
52252
190916
775696
707578
428816
554914
320022
129374
390294
94469
845170
365373
787479
456432
838960
289617
23368
532118
402273
617638
826952
797585
921822
847093
426146
637959
52754
760651
628822
638605
696353
681074
829520
988400
905003
258335
543314
225024
387708
933607
835844
749229
815331
623322
722013
170642
429290
745380
219111
831562
879369
562415
145498
317542
925859
571644
471852
978612
848646
617026
617216
61350
298099
446736
49749
719453
221422
593062
460828
609130
43020
296671
874710
374702
919992
113074
61695
865633
858453
797158
213546
254173
359572
359044
571715
285430
447039
559918
264042
295684
176943
397609
873385
991393
844344
923133
710845
65766
516195
171672
191247
75566
468342
582308
966620
904685
695382
28314
770317
70186
825471
983863
324359
701394
859258
412425
986824
306296
972342
767217
118331
149285
164825
991715
140677
525521
914847
367874
107638
947393
539545
298884
539311
7887
397543
505930
428923
92924
534243
199240
163110
359714
699454
487468
61107
558711
416244
564282
381358
388585
847850
499688
54221
529027
491402
711250
54547
922600
79123
678536
386345
618667
977419
925655
142905
891313
431584
571828
984237
965826
287419
663698
841891
986872
667517
419350
61934
83760
499983
443291
472344
347833
942978
42917
876859
950731
754166
447757
389682
833288
126292
776026
968306
620062
701680
111211
511374
133263
199390
11962
615441
486808
675659
457331
990031
343175
876680
568316
943286
376663
11606
415630
240847
470935
974898
117705
938017
729063
81813
844050
78702
208104
620076
47007
344517
321755
674569
855890
971370
873958
384204
586810
877117
59862
560492
383499
919389
953524
468166
862674
330186
479771
794655
87384
467057
769552
721440
921425
14966
803252
765475
93667
527707
385550
140674
872223
223656
331594
244464
711377
205552
628667
298186
599020
204881
375030
498871
124269
328553
967036
503294
175090
963159
297949
262473
430215
583852
983912
867992
598818
787163
633466
208836
831221
535367
349509
703443
275374
681103
464258
986751
403006
92925
801288
518377
297805
176317
533599
938425
504869
500635
958070
679958
463793
256018
458782
410359
356222
442693
794702
471391
746207
428167
680226
93779
479885
546087
797221
755259
743541
777831
742009
662898
870755
59648
181274
684911
235965
231225
139687
257185
731859
97756
453495
712003
870126
912276
638713
226347
871321
433415
214089
617527
377933
894314
711306
857818
440400
24878
129428
183940
802708
387788
363189
189814
447435
544463
391076
683399
775687
47114
456936
23897
144870
910430
252251
531347
339057
407315
274045
210377
840729
488133
344256
735014
382446
571913
109183
339198
596790
754962
39489
915850
142749
402678
622015
590183
463492
529443
789934
755530
576556
246869
295778
721425
157298
548028
769123
12706
955342
43167
223083
312423
531299
567338
563788
430097
139250
189322
769294
252391
944283
325134
684592
87031
244163
822959
677213
707654
352401
467146
979535
928956
714014
275312
166733
387663
339691
935855
916721
811385
979022
139803
123807
26672
223492
203946
456768
879093
393267
742413
131483
337549
67547
332427
424579
828061
155385
618143
535715
24137
85289
31601
469444
315654
306913
636176
219669
162955
88383
136389
974339
583756
792543
98145
610427
16034
818442
583547
895126
211708
325959
542960
549256
909857
875386
490186
737918
547122
108329
789984
571258
709969
821584
40702
541974
644848
193229
761642
324155
797963
414382
298493
381718
206924
912990
508497
222957
731431
608395
634434
943139
934353
177394
8746
360562
569131
15284
614831
116253
123612
404814
203862
349932
742749
760915
891905
903949
470496
653547
228103
268458
584280
42947
166528
791204
955936
191376
530512
203719
799770
164946
663209
250474
858691
188306
611035
427821
203589
742217
60425
843552
147030
780639
193483
406131
541553
85388
826431
528400
255286
570885
313210
839565
613831
479737
147120
86119
187464
677632
289837
503585
358929
953045
754058
217619
141350
881445
161791
861291
623661
738568
704842
287043
519206
898325
209525
577110
500064
552307
105510
755349
123191
418719
594913
737021
414807
742033
339491
118622
936016
629327
622206
294944
98723
892615
28914
756425
290411
190704
617715
430424
445623
838908
233818
964828
737232
443342
541938
237295
995648
163799
992643
635190
582517
103908
888562
513675
362292
228053
632296
298307
373731
254501
593250
472454
663467
138515
745230
953878
845570
879296
384301
291193
718203
618118
256020
455435
577811
797957
209081
89810
478107
718076
724999
60623
821983
613560
90649
184274
357964
722944
998932
731695
493796
592181
720500
157263
730695
465729
627492
576264
345024
11792
867456
63226
146261
639828
35012
240423
954136
760445
330232
432243
478520
571582
9217
816854
185141
99866
517479
59457
822809
516410
307503
832957
624942
28002
506571
871988
10082
134062
964603
871457
662205
348411
451034
324817
988238
486046
565239
942373
762842
895470
890967
241361
467051
900184
574566
168543
49
92044
227999
339209
124805
535501
688517
266098
79854
195087
138085
89935
329148
102687
961391
507704
967449
412425
832520
955686
414822
397758
414411
177663
293227
821729
935375
276629
721912
509940
445172
238312
118335
189522
93873
759491
241375
782389
25588
321228
977476
163672
927515
822975
782710
888905
330679
266511
817681
163198
222196
748854
560956
152958
926516
370534
974687
378242
647163
212950
888181
608686
967614
522867
798207
61486
798709
39581
843874
824296
877161
337701
504319
804675
160676
803381
209931
7706
69891
27612
170903
808438
776465
248210
961396
219333
135096
452434
597574
782258
181735
2107
390943
149348
41325
705501
727185
840034
261434
87411
664329
138594
425111
685000
943268
102138
488380
153198
109843
558270
697161
797098
366707
473626
45307
844454
209310
180402
813239
806883
479011
994974
325341
386305
660673
366666
91806
387858
206699
353239
475268
387379
8184
416730
72378
951451
518868
77109
621000
145062
635378
318161
942159
518437
308138
503818
879242
517447
684219
692481
840681
679582
203806
166022
65886
864478
49039
674043
768687
772089
543633
760306
159467
551816
693388
748197
19618
212255
825305
640618
357316
977035
475130
815827
11823
783267
319644
891064
300713
520214
583544
657745
199795
787349
823766
782033
168179
872804
972427
453217
644892
516060
213523
320711
584227
906910
585259
120197
635516
926915
760814
509183
903949
752295
325009
915771
535561
161004
806835
352625
681218
906730
10369
881012
210431
350487
179396
894961
223290
151823
348177
384534
184234
78051
221596
768460
501312
806854
888656
653179
733768
165821
162362
154069
918115
3722
586191
970027
164726
393025
322651
845943
816107
849372
243306
26537
199858
939054
921497
939499
90876
786025
840384
791461
864076
61979
559920
881739
385184
964928
534918
635304
647100
213631
305724
565215
217352
891914
51593
382077
801291
890596
744371
617397
739967
504029
160285
939824
443082
598133
395674
50309
384157
236058
841769
764584
814388
918040
646323
199572
882967
697592
351227
530067
911222
656950
611633
128573
548863
663225
27002
866505
70172
287724
483901
810138
791752
644185
266313
751185
242317
661987
801493
142826
898044
159613
907409
228783
77653
70083
944706
960619
767674
295932
7037
195247
469233
135021
840172
534448
314598
383525
400952
384769
671248
884853
194907
979352
45389
461219
246888
287706
639557
48381
430531
53952
207993
854291
282735
801997
924374
227440
762616
208399
523372
286004
403646
508956
421025
243817
43403
735622
627341
444355
120390
814940
329207
315296
310643
374595
292867
557531
178652
448775
605911
609182
502727
330255
463473
785461
648604
904198
529252
411219
112596
568975
213574
516241
77931
634598
276409
121333
886571
420101
82039
6961
235041
927597
838608
545683
302192
647826
103213
997195
96601
225475
122729
599327
72082
102553
901139
720685
6750
946742
648255
635697
515717
861828
668290
109999
12778
944698
747683
899348
364799
829722
422660
116191
757318
261268
178225
575861
425445
797790
573056
522045
539616
212136
637723
611697
314688
55213
848733
321437
1955
13339
473485
34023
391519
141774
144021
404296
86472
408055
819995
967622
237776
242655
600164
995094
20274
778388
87306
962070
92529
660361
484115
632145
872496
638189
243841
703535
209754
608926
541323
728060
622264
14808
762082
13782
156581
422454
934429
759404
830508
270776
243377
584636
513430
843540
96081
50055
138280
183386
12124
230808
360099
12590
862952
748946
650779
623145
452481
376884
748422
993803
104943
370685
524962
383376
900819
681543
322181
351599
440946
152688
622374
684323
253675
652155
44214
349755
702209
698845
533141
230685
446005
409591
243274
825308
158536
410404
448452
611016
787287
713225
121171
892229
600262
646132
791956
17432
327674
114136
369030
284972
266824
991404
485646
36850
643558
46211
386605
862119
745056
436097
92803
191060
845687
852428
532719
4222
262832
497523
131590
566470
210747
769112
975051
811008
415243
767006
828439
259269
881142
197469
60592
664317
705224
62589
701166
865133
108799
604122
243603
370206
40218
852757
77617
402256
705185
610336
406478
484368
107858
54419
50837
318604
823530
25887
129612
755124
792893
474402
14392
674034
188222
591335
338350
409797
653923
555867
274930
762722
159989
518532
132927
716558
371289
726896
118814
592825
337231
41643
77192
445088
96061
128028
763691
435942
153915
409654
191065
463159
400408
721809
653544
588629
313143
508245
998426
967066
64111
789707
246139
740451
824590
379065
457009
712230
105960
575822
305054
959542
617464
382245
404629
229876
510273
684672
665817
180539
610677
373233
160049
11084
95041
813592
116065
408184
321836
114490
375249
902298
420548
621387
642749
245137
516803
99757
957367
139115
191930
262420
98656
809393
161017
503285
555620
671289
704308
737788
368179
314984
111020
44579
326068
206061
858170
958484
614244
180005
589325
505844
598654
9872
127230
241402
255008
160384
341158
728726
299498
533087
507498
914506
858831
668514
934142
414450
856154
638449
668589
224332
469784
779609
268910
312203
985669
643431
270686
116264
339787
860010
622107
938440
869881
265688
179842
641241
942423
37351
369966
241921
570438
393815
672778
945620
62328
606919
876422
918481
761719
545010
659164
231502
324618
444425
543705
826638
87855
814390
942901
943993
674400
81359
882433
60632
863398
62274
218224
805821
615976
104542
564093
186413
498356
236870
132033
560684
360140
8454
479164
121858
69815
654680
353359
394433
99104
413415
737422
703311
227805
680323
647303
418556
278033
529735
995539
141431
108360
213763
947251
724336
834656
27695
427100
333011
264564
75484
893694
141055
600289
889210
262912
670104
60241
132622
580888
675696
546037
318309
379006
290193
514983
542661
225100
793016
588747
736990
450798
697107
467104
914400
937794
301759
942094
881245
151122
723009
956729
561167
864063
73369
966728
643326
743472
26968
775947
324359
702664
838335
159020
81669
644879
674002
624329
386330
467017
213076
639672
434166
426534
623127
348565
880679
924886
290658
278275
592359
13666
751355
153525
394080
824724
120253
37405
84547
147220
329704
925258
366235
684390
84277
964256
845621
758278
104936
748302
741647
834363
904325
175812
777248
527452
524377
657926
452337
331386
452553
44695
861404
203907
714571
771835
28630
834823
325592
629529
498395
655295
554786
864629
856036
639062
828884
218008
913691
450172
966310
171689
284534
386986
347501
61782
914437
388229
236059
883125
235966
688611
444171
613721
892518
158742
385556
437499
993564
711147
67027
8310
882793
138164
872939
738828
777225
218174
473188
207268
668345
955849
378956
469231
342834
242808
531012
257271
147388
767070
140395
383354
455681
584566
997074
864550
259659
898981
818400
769574
610127
885427
777884
492919
539942
167174
748099
317167
901699
221286
40786
86396
177134
936093
555626
519967
178901
86637
293589
842640
370058
950336
742345
825738
534901
255771
206639
310911
154751
25039
80484
764878
426817
858367
774148
966758
541892
522246
800276
443591
259883
841061
529986
437016
777154
601963
473335
472406
688599
283275
315045
58656
233610
57390
400746
284862
313160
607384
595772
984262
148774
676256
749139
575590
50974
523287
58700
592866
561884
858975
552808
821767
216388
599145
775134
509893
201107
764820
498650
406057
48095
813694
464712
798056
387435
381809
82918
216946
505545
195041
201208
654318
871296
466698
746260
438622
506336
804959
547839
584572
180285
616998
406338
396672
216142
697823
906564
933600
462643
921565
339656
27089
735259
320719
825144
639045
702528
424413
372343
208072
619454
89902
378741
7101
556599
641352
445722
579287
962662
509912
163858
142947
126909
86547
539618
859402
784369
962534
793001
763363
884098
132656
306803
135708
453375
648299
291105
672254
72711
179799
396677
208516
269700
775417
215617
342650
933121
177690
921936
895782
203954
602145
38728
330862
688691
94698
190264
989412
573583
983264
269126
974032
632272
575929
109740
601998
740579
917196
274251
329641
96994
670927
538157
366693
962695
270125
225694
895815
964166
147630
791597
168119
266126
346676
498981
471169
441373
205596
460580
14955
705211
246057
505339
337482
338337
615078
455831
78915
48625
730081
408556
145618
917359
463064
28662
880054
249540
770707
292220
213705
918336
83816
381824
700814
946844
397156
171982
904568
119103
148913
919523
824313
394969
424861
678147
733306
556290
133977
812220
121266
380410
737127
783235
297768
716542
811896
177821
966081
582602
470041
179786
17290
70208
77961
234455
17051
991468
406436
921619
110570
555348
357493
934882
950316
298705
129380
199973
371346
263357
528545
492611
643766
265671
792197
457885
498565
120444
635706
464645
703045
622098
160782
236686
692305
755094
987492
225708
746561
393927
663678
857130
465626
537522
308364
415942
352578
437743
132266
723923
701099
660810
732885
861216
442833
525081
319101
941397
161876
471158
922393
864920
93255
599527
617958
301911
354620
605449
43970
617533
515728
223999
474662
981353
761520
783025
913646
114097
220768
45912
354371
438218
223073
603607
815786
665905
645039
651238
123653
806914
638747
46046
188186
248353
645572
322495
550263
516543
444295
110585
134075
960022
334583
125089
457727
96103
908113
371372
726551
645232
933635
597274
599802
156708
200880
415587
338964
362271
583176
462617
169184
221922
508662
873721
470274
670585
196215
536888
703479
156862
647472
837554
116883
498407
962642
574609
110861
387106
462333
837411
548690
912319
951036
148491
585378
668268
80429
924342
30538
663604
386958
716073
401877
411971
589794
388502
598907
302360
925389
302385
459221
89213
139938
92456
587619
618931
183416
214831
6037
162100
568593
554726
74419
519629
219568
659796
187896
299996
584137
218433
479951
487446
450857
398179
415768
557002
786680
14674
859362
228420
317059
834934
317632
973348
927389
421602
592279
627157
636432
114667
789256
205025
185744
863674
241005
921663
39822
428900
221658
140310
163684
217960
627756
130892
616138
559875
687894
919169
574549
63607
147588
407959
898540
465220
381306
342281
403173
489936
485789
555957
120954
275044
277333
823049
655070
518337
744711
694891
463588
966368
835200
143623
700679
979307
274514
833168
539182
962407
752336
630082
542365
899924
38040
957257
881495
419345
299537
284667
425633
301677
356975
546586
576720
634307
369635
231789
152643
114345
926679
616230
597065
278231
759852
814095
773889
550718
647263
313070
513124
399598
459503
571841
815873
497542
529097
697367
433239
344985
498386
858871
646661
855360
921808
223380
6019
807794
455169
158661
438491
898199
291243
35555
692781
567446
366001
466670
634515
13263
296091
663991
929213
755594
235831
745085
253135
764927
958804
202725
109911
973541
577947
756571
345252
499755
979950
351270
823900
951470
26283
262390
366021
833877
814296
58801
917674
180297
525470
552189
709911
821561
216179
639123
93506
452009
900560
862992
216935
375715
65717
843197
349255
160015
599767
210858
176121
96068
562128
21
563890
104762
262410
446262
938638
76706
505062
856311
773354
546884
408499
483264
884796
141029
638739
978301
593037
539298
357644
326323
431364
423360
169519
296970
583375
285637
507827
759495
381705
586306
275867
461946
691067
538277
908207
146056
131334
413268
518719
421039
476503
443569
904302
361298
584598
59392
855950
693986
598689
213594
20309
546404
153305
189827
843373
253031
475464
351200
528878
373520
937505
804744
835465
144924
343020
260023
807331
990705
189642
326049
411743
666145
769618
832397
543794
870567
891788
916096
564552
6829
646041
584860
553232
799345
291039
396605
52376
766502
264156
97605
656373
718012
902348
8189
862935
761720
268211
186618
752424
457852
512666
680519
640348
798635
512915
700494
669201
404702
616589
233753
927882
262629
818612
481114
578325
109650
877718
147052
392503
658225
244656
565227
376236
147004
573415
755523
908723
357977
942140
177498
332181
454805
858016
972528
769792
887282
673021
438992
808336
805961
672744
736217
68589
7708
217330
163266
633709
611399
310317
542564
269623
554973
624142
645859
218328
197557
917733
643402
71885
859872
820899
404065
831028
195267
376593
600819
82548
565965
39811
890883
371926
228906
627100
956866
752965
360781
120131
386674
972180
430448
445589
758154
501772
69730
920364
720099
783638
838096
363500
855523
697967
700750
259587
528995
896016
152531
646165
494916
718496
685975
902150
606773
431233
45601
563638
184197
406382
683769
87222
894913
630568
532810
169418
648691
118892
89782
368789
902529
927877
248640
758051
142196
465741
533990
187542
361757
686520
833706
373024
405015
36033
275173
11787
467265
320774
91777
651461
727155
775545
738683
138419
922464
787844
307836
571154
906735
397617
456294
325616
841846
221285
83666
500393
687025
617655
204286
565133
304175
554343
938156
225541
590375
729681
753680
573991
50454
845456
741804
293960
137352
996838
432378
59815
784681
256565
147320
207768
170534
119965
533383
528731
341249
133400
29123
28273
751055
749760
109758
571581
304102
564265
313473
410829
293945
67152
984819
344398
912607
726622
154709
49958
723459
103438
626124
24492
360003
773443
232259
530536
893407
765641
59266
751007
899040
604740
295632
166446
354499
405389
254378
658600
969653
567851
585780
779950
635002
570599
124347
547609
813572
795408
113918
53383
898845
740042
594226
258847
29836
826484
789382
439595
108476
364999
190601
523867
969738
2584
690313
840588
407972
944690
15540
893977
28892
601319
673926
663894
688269
314624
727854
18193
110031
358123
71575
525228
98164
665800
784074
644352
8635
89808
83946
117110
971158
790898
640976
940896
793482
847640
297835
717805
308682
313374
611781
337573
914693
802058
517818
602961
633034
245671
621153
259416
120146
209079
784643
218309
391230
85069
379012
916216
691228
462957
33325
662385
253855
190653
119632
563688
38292
417467
281492
863325
730840
409625
200898
161884
211682
718715
281197
361067
480738
418701
620483
600883
627780
921477
335543
535361
6545
714555
451577
697772
693863
1253
876509
464069
191905
996140
27756
746549
929958
309248
609873
177150
235224
327122
339033
963257
562189
620229
324324
559278
38930
461158
676512
183061
382634
12054
234773
905531
242960
686349
603302
453175
203954
996162
917243
912210
992302
461351
658758
438611
286950
784983
615760
522173
628456
954793
485429
190644
91373
809752
749921
646654
787261
942784
829714
169895
471190
580839
75425
714149
783539
195078
683675
987492
191240
600918
899702
699893
62268
74811
654855
349217
376145
270615
871389
4601
741759
873169
711596
833131
199273
977869
479785
986533
920652
825850
672779
391841
923040
748203
622342
706579
459633
306016
210422
167224
423285
110123
383468
1904
701286
38322
351120
593782
308936
738860
114734
50694
128381
826330
400177
327653
320550
396313
830537
241201
738514
503316
149394
661554
767870
288087
884484
227502
110454
94905
394725
533739
721380
778192
535642
422665
332866
403114
532798
641801
658325
647532
208847
786705
473861
125375
630709
794410
521687
461246
551962
776552
964561
217707
438105
732430
505793
322588
476284
616247
933845
387360
666337
655224
165552
718330
594240
498417
637795
127037
656569
812472
774568
381767
599176
248428
507141
746237
559189
545179
723834
627503
321731
204746
845209
276187
453527
867354
115127
929810
999952
48971
317170
666288
704194
999073
900969
814785
13841
538764
941821
186761
351235
716389
568528
466762
481168
592020
729350
556709
653551
453183
184211
491633
657928
545771
767819
111455
929476
399297
557616
929427
964619
874785
595714
185164
390209
13035
999948
404049
551798
941769
590810
419384
658157
675689
402497
655676
267708
131847
212384
437610
585029
912946
929242
759309
458717
697061
387115
388192
612709
944730
317619
577328
335867
429684
762491
726075
442718
762439
646476
510867
220559
753637
930250
878715
429325
332747
534390
213384
980945
263126
650994
565973
176071
580235
841633
151139
793647
228747
539331
406356
173477
373301
500035
509343
319336
262525
751769
278406
541315
398244
305624
761873
151880
235874
156939
581204
84972
207681
310940
65916
470806
961933
148240
163228
58519
506225
314367
852166
734971
370049
774873
908447
259701
274907
934141
579036
537431
685910
373793
595098
84153
679417
356970
752385
431642
30261
333588
516613
237941
160879
98880
225098
122811
763471
388325
697682
269695
702691
549847
521018
72739
841071
429464
332439
115977
879957
427827
169759
82218
801619
764856
682722
997387
638178
435106
429028
184790
285046
461992
939082
445924
77223
164179
85087
840694
68855
782768
626740
771546
848966
147757
360636
206388
93573
209427
322364
489881
153605
492122
572098
471575
773330
771171
468962
927859
206277
897989
112648
491322
359981
51729
453597
437203
732259
55035
794248
801113
354154
937340
89010
719471
601448
449646
925858
211372
175424
248221
701252
329028
256695
789701
800602
546376
560872
785915
474234
767148
683904
586881
774821
560236
154961
744769
997438
887219
799804
308038
688331
670309
245377
777341
389780
363176
743338
315637
574548
918761
563858
792151
764140
336904
581852
81093
883279
142723
867008
357512
426222
67263
460744
717394
627498
132056
462162
141287
19274
778317
449324
223956
448626
211052
1296
838405
90580
260985
670393
665127
696097
234250
457277
460236
87505
555480
57681
970783
214554
441040
844646
640775
508302
305389
874520
652151
953796
853034
793437
973069
147702
759113
713377
596327
486516
714672
951083
577095
492009
621476
758573
188105
372077
732202
164693
459582
287681
222373
946716
502235
179764
791362
659361
688065
613102
533881
340215
566898
386914
650003
56318
534615
409115
769694
647294
411983
718
114728
989077
492726
252555
747650
197182
624632
479851
361874
600565
283883
100598
547280
786117
280361
854993
445478
484777
468095
495710
341343
551344
398975
991346
607661
449941
916812
377355
613586
328794
894424
728314
834223
387149
980868
98224
100682
121851
578074
462556
722415
378308
79505
269695
164425
876218
124687
126254
360994
109133
621963
218689
660476
537289
726386
268137
987229
643197
161843
600815
488343
56266
329128
322565
959766
826347
420788
60447
948198
515213
39354
670612
893520
118859
456658
574296
995076
97697
700549
872421
206829
838863
91109
867305
376151
333846
651793
879732
977043
329987
480546
981737
902604
326025
304301
378721
152371
241440
955519
616920
273004
994873
287532
682875
630083
260541
257171
141510
358237
474071
530282
565066
829286
621391
948722
205436
955236
116866
601519
448630
963204
598416
946718
865807
924440
251018
760879
593163
8809
716397
210082
798164
227621
13965
481039
857703
274506
738209
515564
632742
728631
45846
714159
557916
183588
179232
279704
655175
296097
881222
103805
775652
479638
50522
157810
920429
817892
918688
513591
343052
151437
240025
141216
379057
253989
622254
753112
528494
876814
268675
677588
605444
314520
908098
163360
498107
87330
443063
153282
899778
840636
773438
675430
320273
340311
833239
240702
158202
268279
270644
17606
419715
510668
158821
315123
764657
297426
68234
809502
174239
336909
3441
779682
167780
911539
459393
665887
515220
418807
819168
414997
259443
108957
90426
579715
449267
440017
336768
123821
224647
607412
141426
160713
634431
816598
475835
915439
630375
544069
241293
804613
397329
244733
100646
565108
672623
76391
230994
187842
495197
566513
602839
754639
191821
209616
850706
641088
165984
703825
281260
390630
311236
939037
551342
462019
271986
543529
377457
902360
603949
618749
223324
1277
379834
323969
82736
52456
916711
830082
240298
411908
912946
359488
682898
104767
569103
533603
262206
251439
237428
543465
158420
65015
998853
226114
527033
270838
769642
904490
173197
373590
39590
396520
891218
419423
236840
973953
471879
153551
320386
228528
565458
233332
588015
764707
338098
673469
298310
116655
441259
52089
660119
599679
117103
175323
825792
644136
446160
111785
64977
619356
485374
104566
532227
892943
523989
285418
383247
512219
438968
703633
740746
520777
936964
845112
285484
791413
518580
100145
908067
959839
152233
84537
75869
269335
259859
901660
429822
222370
13444
11150
358077
15169
115716
890303
424463
156056
692072
807709
668274
131040
511341
925371
168168
964656
770482
970003
272420
805413
70147
696838
281603
222379
781374
357471
8066
557584
259130
954239
296305
788925
481741
654381
320445
113808
61035
744907
269863
753107
552616
454488
400498
580308
379858
568665
61316
150339
538668
333735
955751
125166
30573
753706
863897
328298
111176
388314
402234
886658
858904
698538
675582
340644
869271
512379
454451
930305
257285
240665
683411
809900
695152
83908
906560
591361
652573
967875
258051
707592
817961
730154
832757
364885
483859
213005
209535
595034
601318
611768
998043
460222
826657
189977
800865
695927
702355
771668
626232
959639
12332
825994
285891
223836
909902
708802
331548
78826
676676
589599
302769
10988
319752
651877
375873
319962
864882
585407
431347
466199
713526
429390
442772
56534
619366
243637
752461
321720
531656
895044
797710
543987
721037
599952
284174
147290
308753
615722
742467
501780
721672
45235
512768
557775
697112
404992
877736
78345
506750
309082
60895
736627
738471
503667
793160
874188
263655
61972
712259
795310
957015
509969
855648
194404
626272
656174
858045
935025
271895
600512
436804
509918
162098
465923
67692
859209
870914
945427
453905
894015
770860
514800
630641
25683
18466
423801
899870
798472
485772
612129
593781
959139
638449
965780
669894
264720
621953
527938
716096
410199
128449
152900
920116
290547
135174
987807
666107
522440
449585
636364
416454
220445
151163
47095
246127
685980
987247
662348
484451
989370
790828
594583
948508
429276
76714
618401
210348
698667
662691
442795
625217
791139
112046
545333
598037
247220
533139
780496
769659
499076
416859
186112
719520
568021
749558
481998
770352
736804
144345
771154
726174
935173
882088
191033
880800
958801
325786
607499
173819
988476
50294
799036
295966
162339
344368
894003
925910
393858
674498
695568
892933
91356
398032
128804
175728
663941
610801
946079
400745
755146
233584
643270
206670
115671
350654
87469
74471
676439
694968
248290
181266
261613
47325
477232
423951
908044
371234
866213
301901
562083
561780
711186
169790
476163
839989
345517
140104
450790
807947
57200
722287
41530
216821
928956
157200
567474
16424
748022
760265
227743
512663
941530
489355
559987
418761
429658
984382
306346
812222
286283
384780
374001
997468
554569
366516
837456
416437
506619
804597
224383
80170
526883
782264
296990
972190
455815
380815
504966
720189
141079
249060
232851
598961
254767
309190
534073
200776
293571
356771
12997
579853
741550
386997
93672
812471
269864
447480
228907
292834
252076
969642
373003
295311
751905
186344
783852
724072
83511
288817
444260
224589
537877
677110
339901
308995
502651
873974
509770
796222
747096
522766
892426
488645
426114
986098
301115
695978
949929
46374
988811
718356
16015
878166
530018
284271
64509
313870
8342
148019
119038
452601
888960
173266
646063
745212
482260
148713
135537
992029
461286
882632
514794
353712
371277
457260
856161
188743
153237
806089
235116
658399
524444
767482
536564
570814
51753
601073
884683
60094
265443
520072
29047
670754
693338
191461
415966
175597
340173
551502
683978
317811
434134
715123
671522
321762
172382
44034
26856
841970
850122
778324
500369
890917
545805
36932
461730
113909
154356
862764
690355
936151
382836
235753
606904
76173
427213
22869
768121
283737
90723
968450
601547
524856
683573
789420
362969
372306
833453
389824
214276
683574
684499
230996
90843
230304
267927
68924
860564
938635
931688
550918
874785
314523
786670
481688
907047
213882
20909
675167
497619
111631
643617
615517
152838
843541
404937
515806
732198
238389
421981
946473
438315
106480
177468
45509
853135
961747
114432
713698
900381
46119
780968
291517
876993
567637
773204
784039
297871
310464
459206
311841
422094
619174
927357
91283
979066
332293
123440
711263
87034
545421
174088
41700
168252
867907
87208
537738
829653
201639
251435
246385
247758
32402
54253
641102
116391
827457
425141
414261
654272
400698
726101
592718
536223
169809
684000
515288
502102
807440
226550
105487
869212
916989
147186
553815
784896
234393
91552
130900
436031
859338
893637
200140
408092
947889
841242
524482
291697
782734
938742
945969
183431
181194
538686
719653
351002
739037
234940
369455
62828
977841
991293
448391
411182
138478
2205
196077
889222
610108
326976
841605
469446
220612
41744
877537
684853
399337
918370
976549
182070
373463
922517
881852
554656
977554
601504
422009
716591
352795
307816
779418
846988
299108
744161
258169
437586
746365
970597
843159
872825
813924
684763
342270
550888
242859
736158
235740
642195
654527
212288
340617
27989
134805
222468
98996
112358
340324
37356
345300
693118
345171
641070
56457
644279
385230
830977
598216
647946
801573
441374
520770
131849
126137
379391
682736
368995
631900
918475
527541
802778
647114
868157
347118
298270
606977
446113
926980
947300
483469
272279
156769
344991
913348
729578
989269
814929
560554
103836
979227
878479
545210
499996
10327
187698
395739
209414
73044
27638
644240
600584
346768
291353
985093
693885
589623
108421
139998
516602
55720
139818
305232
728840
1160
734932
974769
990429
549860
535323
610616
529086
930153
155825
545434
456831
859874
457524
666244
932917
1513
310483
533501
348280
118187
34945
42165
224161
143365
698514
257114
715436
354683
562346
960627
355842
297277
935396
862622
363488
987070
473238
408926
917222
145414
470711
374052
5288
928234
556647
938204
446098
383481
988056
794378
18019
23000
836542
242180
682716
535055
499293
398151
406089
577990
358778
761930
391618
810525
140904
755106
797594
614141
680383
714815
275906
151093
605218
281193
595678
678216
735749
41775
578048
723804
836152
596066
263156
189045
838245
462223
240451
853890
376726
646539
431879
735503
924821
823497
62379
582076
94954
859972
712568
291688
91138
988473
959132
696355
269666
554809
890922
521766
112935
468969
245569
465439
65034
25076
654483
419631
487299
411286
273520
864024
574176
221750
115878
498996
561598
178256
597423
656551
554579
309990
464590
645716
298463
423721
858422
84480
978529
749343
606245
607816
218311
368165
73254
799696
393241
244088
219326
396891
655373
492845
777266
745901
230947
409495
761248
792544
104102
358671
965447
658680
668660
430036
304395
967122
853757
162816
51601
348637
912158
657845
956452
646820
26010
546057
446515
935602
306497
665841
848844
478221
675037
626109
224121
905983
35603
985369
698527
656056
344039
663973
314735
12698
94008
619129
496172
464116
781944
547772
812753
210453
721969
285556
857272
264330
347965
820138
199931
654461
485978
565126
132681
161015
191234
873154
66997
743188
858522
281875
399243
718912
945847
230329
731609
556207
849457
744132
536674
147752
291904
865778
874556
530224
151334
248179
794553
15650
68316
510835
670110
554294
75960
319142
231660
783545
192295
298656
43084
567168
580531
958678
286079
42729
189006
534040
115287
554814
278171
651961
702565
86426
517738
93472
616649
185423
341650
927553
201072
409965
438387
387533
480610
30698
223027
712269
330594
931673
10925
373677
498841
107807
848706
301271
666887
37711
835310
298526
592524
629833
950486
811440
716258
984575
421263
849259
686350
762912
776811
403773
689229
731550
791306
169838
762247
530684
882107
609193
462356
409383
499221
477548
33541
347927
295171
216779
901989
646832
515304
10865
276664
982141
338656
509274
483068
759919
358532
169417
522830
135342
573189
728410
866891
880846
898248
145490
411529
780354
271034
390237
706088
770254
867784
739628
634532
679306
472758
536521
326138
988062
547385
119153
486554
886040
628426
969621
645958
986957
655389
685140
638651
228578
413549
21893
109423
311796
683734
37304
608501
954767
427540
830940
241373
811675
570567
875904
490981
559677
412424
333470
547738
959808
452622
550643
362200
81048
520264
8157
584356
175652
693296
223006
920581
623197
244899
546356
934992
444984
583659
59845
399751
527550
890784
157475
855576
977703
33378
346556
537379
445802
680025
601468
921961
648999
152110
284160
730046
188725
808669
314401
880729
501964
53759
317661
641512
298657
864016
92856
259992
964026
152700
176094
491575
559835
333568
347151
537537
366946
210058
591267
329099
406435
709086
251059
55433
861196
51571
785478
566272
860239
616230
963352
878554
669988
281013
520066
484996
145028
612921
744988
109054
281972
921081
116980
841806
254649
464130
895695
137946
190540
3313
467044
596974
712399
234454
652406
89946
286024
954235
656217
146262
570464
619569
24816
240452
900581
61233
725447
561960
190505
986786
671013
472476
907867
304345
830633
678867
768474
242679
816812
959013
245992
283855
555986
474742
518308
724743
564687
320684
678977
737255
466945
765793
873175
8112
6244
290107
69344
248042
852067
259848
234828
39431
248675
659046
343775
595660
337912
628601
838338
154723
103965
600681
954929
176303
591774
989588
901045
156460
310271
96374
410067
293568
862166
799593
301679
384761
89700
887375
632802
458118
663574
383981
13900
428601
43026
357675
24260
380937
502627
862597
52011
606591
979630
6939
782893
571403
512879
200290
244215
823149
813015
654281
633068
675180
453873
934747
576292
59924
338473
725445
518041
518398
109426
531941
946998
668803
405967
971257
566092
424945
350206
618102
31535
329835
141393
330780
417589
654271
47421
661803
993771
860435
832435
626839
51966
802660
77937
144609
862583
416409
870053
896976
451158
495830
945268
398156
680985
867586
369412
247076
292530
719617
381529
840416
565803
39273
687547
983392
209895
251319
645194
203666
628105
993981
346856
196422
796640
941144
341030
175574
873904
727435
588901
325061
739616
534168
723216
420600
918105
92628
184027
210634
328596
81908
567402
894399
121180
771300
877790
331075
22619
39335
51092
650723
33315
914299
847145
346306
855442
704526
38232
729345
431960
627132
54405
171576
677652
777621
108527
595756
386600
292554
322742
715195
374461
890143
609593
11992
177794
3734
343066
200412
559421
910509
367487
109087
824807
214631
971745
680248
435508
9976
925944
867468
637107
980349
555395
831110
274321
663921
426866
660920
472826
749607
892466
847286
156101
18411
859278
333894
22144
718695
50658
97916
145556
418144
207003
970362
149126
178747
166962
584633
188722
609257
452100
342180
589605
523846
173290
863925
187767
116507
41196
660592
382465
933662
24230
538565
952072
399859
388810
490567
634905
439467
588483
780460
857610
795485
267174
6735
490583
434135
107720
195656
43391
559819
537835
149348
600017
227476
529624
787783
343982
87172
964726
726446
20833
988955
781362
489256
388813
170172
979822
23718
125990
84656
320529
499952
396492
587702
23038
887074
538188
130757
82729
97931
206928
136916
247278
806944
364391
293253
594726
708373
380424
75803
951170
917608
64758
732532
406863
969922
419055
903037
509991
545044
987692
830520
44995
384184
934573
68033
271257
472761
715141
870338
570691
922068
7253
334320
729011
371643
627572
840088
596367
7996
915891
63889
441955
497000
796420
848818
983273
731826
751854
9616
276869
255897
356487
838216
640080
291059
422600
427689
763819
137740
298026
850861
59808
821630
185180
305170
193272
329104
661610
305991
853451
93852
369879
295405
590851
682650
144222
90475
414475
412427
100090
207695
668324
456576
45910
824755
263987
984861
768795
544157
122601
66820
395018
698760
888449
96549
3929
598073
425652
181890
904063
279102
275741
790293
574507
866591
472942
235080
473418
887416
163859
573507
95110
832182
546435
657372
173288
810421
642232
942083
870929
764832
525254
782298
979943
930055
878847
500224
528127
820850
682113
948541
616304
957854
738833
707162
340796
211774
942241
814213
615541
106099
904072
710650
454632
450506
368021
627920
777278
526605
86354
648206
807788
611607
430504
787731
541661
825702
287954
586139
646551
970066
534679
779206
444271
789863
486367
785067
1636
428608
599279
133528
51058
503350
844178
22042
470207
728550
166313
247484
255154
252666
412042
62942
864272
358897
367024
922285
184598
654977
508423
347500
141394
43102
126706
585665
349316
613072
370731
867304
558031
486361
831
125441
506063
845008
147482
976269
89910
313794
740105
861415
566459
152146
440708
947082
511042
807731
869366
211991
979059
377789
559490
120453
937242
686195
222469
286557
815619
593199
153860
373649
79559
154691
15441
101973
516050
162922
78242
122311
476715
818346
500078
559525
970491
940785
506607
997884
264868
375972
209874
243926
270112
285715
880730
723705
971910
103198
10262
303880
212748
680473
193880
808659
351515
209321
910631
383917
888594
988872
506227
365309
323569
522656
441185
810411
463441
947791
808294
728308
840115
534519
488585
626578
820234
885667
350283
308495
988864
876896
612374
201612
73720
322605
10270
425235
531925
920900
325503
420519
426124
348081
302179
749692
870737
743363
560103
334177
207506
884748
578836
563972
419267
583772
706901
239500
469438
57183
547994
974654
450430
676719
692617
524150
999323
702886
465736
531248
140137
791238
468118
82612
139318
286648
832304
10054
546362
908758
860582
270219
793505
955769
834190
212771
55893
541091
968622
41682
114625
516615
16335
565055
709685
225303
89204
709008
928188
71291
756607
584677
862528
224724
183640
1845
27723
15943
528251
574084
441052
905184
844303
234557
377305
194844
963679
949549
252286
448653
991230
366911
965267
523917
448317
191304
749219
53872
900311
193759
125162
656917
294787
504041
397992
478426
22237
942066
10721
550487
516149
451772
972023
876803
202680
865679
71647
166359
815227
323932
615011
322808
207194
96629
846724
171862
804284
112295
742085
704594
306053
383598
877862
600839
887638
792205
79264
909875
734270
606336
976713
250419
58108
948735
643573
260787
330765
715219
943497
145991
555503
74859
468799
279048
687840
831874
967262
492123
944168
709346
713069
250220
92944
590930
367410
980581
383135
963026
890455
633756
569361
867168
400526
143820
332254
44099
404607
663019
275669
864455
809009
831171
455666
794159
626571
143505
626033
593832
151979
86552
303177
865047
336772
912472
455977
220533
893053
355463
699910
299859
989218
785623
167026
906096
929442
15632
950194
850400
678650
225862
714855
4010
573385
170520
314521
199955
830376
940553
793786
982354
543456
613314
847401
880227
525786
819729
617112
935190
175191
317021
235048
680760
102643
918426
586855
548437
934057
53400
398836
129058
795614
113690
649419
368998
800561
963939
85304
147288
420843
879089
129642
964299
8754
493394
360877
534539
313122
977988
986080
4664
811361
221128
201775
430355
655905
304982
978791
106313
874733
377627
235370
670346
7668
884788
555695
324581
365079
640998
471868
785921
520086
117861
750219
45192
127606
111096
96082
