229629
628577
804388
267589
885820
340393
874541
490152
405375
831328
670536
659438
485440
229672
823281
722385
381033
437626
358749
614450
734632
171230
956046
373308
657954
809403
539312
409359
554784
189735
154325
300764
818311
958712
568352
704130
815456
442892
710633
220831
790572
381168
880268
276011
127192
703548
514747
24576
657525
389848
639026
392156
561077
111423
765463
219030
920826
821126
144741
991961
10860
299065
292725
345522
257776
377428
566003
589583
820320
276636
810413
127243
174155
207032
919605
301346
910579
950704
325922
568103
340551
481299
476610
901627
592721
758425
637008
29898
95902
781748
21859
106762
80812
830935
968635
854939
208362
534638
444522
545033
811273
771286
188627
985427
978318
108232
286773
405248
58935
129046
489703
915837
610344
966312
333815
203064
241088
970822
232962
336990
268922
771172
960103
866085
118458
928737
721024
843171
979726
681897
904556
790998
453182
93182
292777
431499
717765
95901
353099
776699
224946
842801
208887
835289
809112
542701
554704
566552
513523
304017
903541
298796
591540
863643
164880
709997
308731
402255
69520
288457
84151
974075
595806
53685
67256
888582
1535
785021
500834
354633
78071
725779
197433
286958
77419
522897
829658
148475
89448
859532
452491
992988
158327
44031
372982
839559
270379
198064
241813
339898
486520
325964
313972
598678
379648
897580
3611
897534
682600
504445
252167
277022
746575
449599
563979
823994
972495
909989
972468
61942
769520
424958
571281
444199
985340
944262
283757
772071
658678
41921
111968
661549
367884
942292
260226
263883
839871
263837
161417
522470
284633
929935
315843
31207
379533
879822
855200
868380
306162
344019
446673
592033
285329
17954
36231
270668
478567
836339
42738
137244
394612
671058
798793
278847
613349
575370
542730
453219
355558
220498
492040
640190
150432
807882
671397
46316
204055
526596
431047
510216
870615
877720
102249
155943
895673
654831
942962
890591
7522
502052
544187
402133
173109
859331
680979
786457
434700
740060
756027
790258
476909
248066
946799
143692
572299
618195
190008
776354
661143
621054
802921
48109
15125
421521
204051
427149
76352
663364
317740
600225
681767
378278
518709
854875
237608
199687
157683
188659
456099
913709
495268
933007
678126
442067
593051
250425
60261
299410
26778
721403
920463
346050
769511
451940
767571
489913
879088
360274
669629
713179
960498
351395
91456
479206
206270
329063
195244
880304
517722
167694
794013
12989
100701
988490
455055
210103
238914
31668
509512
782043
269422
946326
128093
38933
398265
412015
45197
277353
772288
714825
990531
732785
66220
598339
728342
788841
927401
439937
185496
961474
607631
979508
490815
224683
484350
462221
434785
723263
493888
944296
21658
763310
890621
149750
318594
288886
78116
363790
82590
850403
594967
589472
99539
661186
187810
827880
966378
631563
784168
151873
109388
391798
647733
600202
616480
132082
62423
567616
371696
72662
511911
393353
352323
918884
59454
670916
724121
137569
551058
806710
987971
146024
912533
87509
323561
616695
431740
289938
248257
215908
958162
357644
124057
605894
474198
256889
254327
52972
824504
626023
125633
852767
19375
994308
288002
595181
181575
12122
732749
732632
335183
237072
395007
247715
840932
718567
864409
272672
524856
629017
4931
483018
503013
645339
88911
977210
902227
859590
30181
243083
485612
672165
95849
504986
666472
383850
616518
848047
912323
349267
97030
247505
586338
492037
11571
427269
726955
392332
216292
251811
537700
737574
251180
40712
382913
856442
17921
285139
716031
48101
528221
201642
720266
140421
222980
903089
40622
839497
751135
952944
705115
364517
716800
291452
856553
244723
235073
99859
637054
451364
868021
174753
705290
119200
215465
88202
975642
749737
373340
691672
314190
417913
409666
550807
74685
148997
453895
115307
504845
205030
584602
209960
569546
817754
501411
942450
62476
252835
42308
215881
220551
910329
906985
925840
545880
638801
14041
521521
388538
903732
729545
702727
321644
655562
253533
912681
804558
223779
27987
309402
428808
128940
35713
514705
946693
537124
973506
525520
306310
532166
741400
526860
958846
648385
452699
504725
803537
466739
542598
192074
886823
788494
411152
724818
960407
181036
637498
281316
404815
181836
107069
349974
310776
142782
381031
773820
196257
354536
815692
502566
403053
557091
29426
361898
721827
998476
382975
525364
981567
441924
233789
868389
746769
644941
593206
707175
825976
230704
988490
747142
928891
95558
97116
239666
754691
478146
529838
950947
349033
345529
453513
752086
418971
999290
630335
657150
997765
529661
698865
979331
971584
449005
847719
234704
93945
957277
941878
436273
187980
446719
183414
633222
58629
796881
872888
813319
275026
919077
764266
624059
780957
217778
892496
716279
733419
522830
889780
731183
52491
588644
710514
540426
37649
74584
775130
647945
31860
233359
600569
736191
680078
300335
369413
255058
97215
758652
68376
888593
194080
832641
512651
975036
566770
405146
691314
816540
444327
581094
547723
496817
686089
774588
553595
240089
849171
845076
404386
397383
78434
521306
133573
274863
821640
19337
46272
435207
777988
114648
323799
972067
463640
352801
463454
546762
274298
671120
363301
718624
768565
427375
731793
971005
201962
285387
211094
567485
130462
131831
481219
725247
653136
131143
516462
991128
150480
562733
942686
444819
193732
782836
933238
173724
135636
396691
720485
409933
584162
600137
128556
352726
27512
860348
323731
745825
662086
51176
829661
308899
183006
310879
550498
352493
442022
583311
859972
108853
662395
802657
553671
856127
585492
3260
29850
721127
399951
266686
647411
500464
866822
292319
853190
410685
152666
693272
156510
331104
260799
986170
640002
443804
813401
190499
312648
255422
773809
172620
880626
436204
491628
434296
808682
77120
437556
354883
314598
353858
621568
478361
370673
4741
770679
740214
415426
923344
433485
88287
254447
694283
590808
410801
654438
404208
117651
967086
175981
891460
656057
572958
844015
147684
7254
652696
741155
961161
523930
55753
831370
145497
50465
202042
666589
821143
942256
598366
744486
892092
203004
515285
102727
793812
442437
757164
714371
560087
240601
406704
967898
413009
979661
811912
560693
503266
980959
818199
980778
504888
390303
328499
166736
440767
46893
349677
261909
505500
948042
522747
397591
151046
554383
500317
461209
996819
773833
691931
73257
530785
98634
41155
943794
594647
369418
20838
614264
350377
839036
595042
371616
745691
439892
54704
186457
486784
404380
448366
992283
868773
487464
906226
19818
41846
922894
997378
555016
213078
689309
628272
743863
787942
669426
204008
898940
38844
224845
513204
905572
580232
624597
793539
325922
580840
848242
28731
67624
768973
993448
576258
637746
480911
998835
173915
39108
438081
171293
594123
651158
376953
222394
911372
681246
891820
115379
580186
447015
856575
609741
868938
436807
750689
662476
279080
331528
27070
824162
915503
312394
817609
491761
950139
298519
6947
