350413
990956
93146
482000
331322
493383
800993
313797
938136
660884
84378
217735
59401
121902
928087
604640
598874
140934
66622
951272
375305
98209
416860
963577
295044
526269
226543
17421
765857
255643
111612
632621
246598
204757
114620
94271
214491
915612
924419
152627
92848
8797
370361
152248
647050
814800
756887
762275
955733
823509
713546
847389
438069
130405
327317
733112
173026
553860
750533
938882
325854
378496
571503
572451
583253
202474
183074
797743
634438
107492
466721
727285
116288
353434
879532
279690
168233
636418
41964
640317
976278
271862
487705
930699
402266
815022
180162
575291
885233
930694
30525
727438
309190
118379
816240
408794
320852
999313
722888
955289
106805
705961
198925
739444
59394
78456
535485
227626
231226
577449
384294
723855
849310
871998
654553
767927
203371
834715
343218
604955
281760
890094
332392
107301
8472
148632
32446
329323
664296
755334
800964
287452
977646
999888
543248
37039
594696
78732
781016
342273
656180
165309
66127
21841
553658
237032
789768
757029
588098
649337
878335
869857
539430
727079
493510
64253
392062
525955
393575
56357
797640
710890
860161
775285
710778
403408
328675
821825
482139
109690
164097
654671
274998
746575
676511
828656
983606
982630
102036
571703
631966
496722
957912
687747
223800
967773
751999
615861
493727
661926
188570
807719
372815
48730
99355
599944
968489
428030
938120
450627
54071
102216
621649
845421
848791
814512
190428
348748
797141
292463
436803
945459
305536
911066
149557
529336
878838
901556
661548
888916
79833
366469
212986
968999
415198
312341
85295
383686
256722
23414
350665
310792
125630
972313
156212
490772
303176
346639
355871
100317
155453
792673
562127
460989
220090
711683
506676
98927
613238
684575
504195
209422
51044
717180
178421
982593
29520
263715
366279
802593
803480
233295
113385
445461
721959
785948
452584
25135
648939
808455
641803
804391
117479
203929
781731
337569
915611
288406
952847
45201
972981
457041
254622
540376
174221
949394
522968
720092
213108
405598
522685
532940
638892
152421
978400
877203
938368
430984
902337
587306
239438
544139
908049
356916
748067
206131
210836
663677
494537
163683
708877
983869
620723
479851
40596
311295
429244
563563
31387
158704
969161
554071
691643
608052
222843
670042
485254
161210
101025
903942
264868
856814
448080
689268
730082
712498
895398
457269
892527
906286
620951
117755
890154
758026
597605
930749
69320
26849
10664
617058
701904
979824
687480
393546
587875
910322
579939
589481
587884
197316
9774
852751
570481
457854
542018
300562
686703
437415
757831
579229
343701
895133
213336
750206
653158
810940
197307
238830
354140
207970
855887
56043
187793
59719
965940
292019
970040
62231
397851
557923
259546
407625
927025
830026
381830
985394
646940
584884
422809
921122
680465
282861
816254
893800
549418
985764
704739
263076
224593
575231
471045
596831
147625
175189
656549
629917
983560
626589
692147
897762
700863
951692
821738
144240
298069
719919
129633
945008
304803
68793
866129
985267
868005
198735
395418
417423
184498
616508
680498
925442
191738
667895
522272
855715
359435
695173
485631
859346
838113
177777
757108
538975
645820
95197
683214
460240
815116
329199
921600
119918
397991
304080
621536
265996
502814
16953
199770
203663
633460
396619
129104
341550
64513
167728
197264
940300
862900
199246
799645
701012
893374
73104
239986
539193
684653
439552
515784
499768
768750
437383
136037
683092
257815
273924
949087
276980
290876
665208
480643
440687
61827
609746
298588
126339
777473
495851
582990
640372
211448
898987
857735
104821
488442
97721
160365
173094
53624
676149
672861
338725
629883
325249
21816
887697
599172
487255
164677
406399
152462
161671
847086
214288
287768
145673
856979
65241
157876
439968
221964
369323
855306
79699
474144
343748
693771
634508
516841
263746
827008
706054
602470
456891
31302
624285
860939
630474
627891
541967
36872
780353
703637
400309
510992
991405
62334
367970
572997
736561
324290
311312
105883
179595
391010
96378
523342
601132
247238
556535
864877
590597
262588
983698
47487
810241
124335
424778
440714
752225
966744
993938
532577
670381
394246
43569
178137
972931
927890
751133
709491
252179
62444
331726
948126
969806
428103
987819
570937
191692
544353
952166
782289
323292
935863
346127
133533
60197
770904
90598
328774
254000
84535
377702
440732
995133
937622
618868
484415
865512
370000
193906
634042
948795
525631
582167
918600
470085
569986
5889
661777
114338
474406
960417
953982
926620
822895
87514
986817
593799
178111
831942
364150
778998
209643
804881
290482
147265
423748
774896
12776
310099
485153
646817
258893
10783
745336
693845
480868
315321
216085
658996
946010
690490
135764
899991
133461
958658
503856
120277
68808
681967
468570
432957
977316
678213
237837
784149
825477
661584
559044
354604
488034
44197
1420
746927
571331
263107
957123
568550
578427
173207
743897
40789
380048
879660
940779
513508
838318
444635
150137
907125
642953
618706
340082
136620
813270
94270
920768
638746
272206
996163
993349
760239
40359
511121
23517
128042
774227
980639
696591
869006
670197
440488
909794
566596
836499
366924
596456
674816
327910
262944
98293
970862
398001
954726
107481
211271
48995
28248
850016
321200
540763
359717
597791
581121
870837
621307
225514
161415
118298
438457
546772
304846
878944
456565
387794
715442
339841
984249
906610
667750
763544
4902
638612
161544
475979
262444
372814
524973
807044
739182
362525
347806
98898
960315
445278
486086
581621
670792
163852
216270
109248
710624
521116
504543
683540
908909
736336
23380
409509
159297
691130
173052
680550
846093
334595
156528
108536
223761
681501
915579
962942
44025
779736
578191
520691
225014
580628
102311
412157
744479
834933
37756
455102
356048
58650
138642
781308
311337
162021
707168
470634
369502
880219
667535
215594
731165
824063
324130
471277
21915
756060
950570
582291
52148
528760
102981
277161
109387
721643
205669
370218
556575
759776
825319
428974
818425
480312
210281
129761
158685
917448
116746
528186
314018
300633
743780
561535
124695
584261
32811
662961
856672
499733
245251
908819
28492
864583
185979
654231
586225
907999
24448
659152
667774
366118
88125
486198
362782
814758
132311
521466
248557
765408
49651
562575
66040
309782
640461
707086
894042
189623
370046
750714
689355
131648
659532
234199
996230
361863
404781
582455
786213
945580
757958
453987
828049
846082
456536
190830
660839
105198
712295
909396
386958
278298
988322
969349
588079
628782
676435
998473
334756
562832
265538
24111
694480
441421
774661
207061
319635
179441
305867
105848
641372
63824
559834
469420
909906
532721
660250
87096
637919
888896
996491
541228
167193
501164
510576
271624
646297
703362
270096
981053
266194
51985
521515
477025
493405
296175
684085
329392
991967
989952
435239
633338
53775
511424
102757
480032
44144
279358
567128
198414
168254
79970
739641
335446
581134
250217
607069
743782
953578
393516
724834
736123
961852
762700
213147
971609
575226
897232
301000
567192
403535
736238
716881
457309
247661
819638
453693
291804
615347
20820
490218
783600
100789
229858
119046
198274
996426
242466
942056
950004
152334
183241
686126
114185
945941
415625
85793
521166
829208
903144
604710
232742
639381
321590
206402
403393
657579
660094
695197
272926
680913
701766
56525
298054
447975
691922
496327
960753
450740
954734
910756
603073
137975
113233
233609
600267
528857
835754
637784
874416
738897
242493
107157
894630
564083
313559
298022
738013
973652
509570
527290
654565
211335
100167
468970
175662
792088
481648
136414
759179
436382
563521
362251
90708
193105
112212
690974
238314
947965
328757
112729
203213
87602
219886
97842
168036
533444
912216
906048
23447
421785
949690
194363
149472
49856
663332
325133
841943
144980
977898
601122
97713
541418
479724
188420
250874
108287
395745
489187
56251
240853
601916
775816
328454
821801
390009
12841
871596
302224
435241
895042
724009
384930
605757
873480
434785
269088
714964
793079
930419
692861
910552
28131
750630
390276
732902
1503
498562
644998
7042
71165
885851
608957
363332
730656
947109
753340
743497
335056
55564
178737
746449
295924
563666
352205
685755
514802
137645
400718
307880
68063
609930
218432
612546
876911
125059
861799
394765
139972
506797
401806
727488
392647
10762
90819
639654
474222
360511
899502
809277
932426
78238
555726
228349
158255
907930
914103
189408
45574
831172
497288
629989
957453
232071
242534
834363
873481
104332
745479
13452
127480
147285
257292
520126
674398
348110
676132
664972
224972
575633
474248
157397
170223
29973
385745
328477
454255
816199
34237
16180
163722
531524
646168
121174
279946
405053
471888
153426
25737
217367
166877
153216
881003
424168
189694
71752
288630
865825
736723
513601
441457
210971
187350
611679
757295
89446
456508
211549
905645
7096
227729
69366
538619
390248
706892
334916
795301
178779
488341
821037
912497
171569
490604
309851
112089
680297
381603
400718
546121
118325
430670
503930
845647
618019
631960
602942
223817
604819
330842
129461
611914
74922
715178
666884
465170
938421
1799
776822
633552
6491
114210
546048
178060
604813
855899
290148
285110
753853
207217
347582
872177
154238
367863
234176
288609
516175
837117
512425
120993
684310
158237
249259
759232
873414
432494
224401
328187
950645
517574
961738
957135
631783
24137
651546
236595
880035
941693
38056
150239
665261
901990
22416
819499
269852
256591
624459
786026
610059
136883
423371
294368
295119
188981
569951
684884
137826
310703
13070
88470
828276
491159
561957
460058
515296
213502
213005
911682
671547
251060
61921
336807
153049
600688
672657
422901
373630
297115
725278
983688
950349
665000
794407
761819
853980
364358
446703
991806
675060
976124
596627
503336
467283
158583
479745
498930
888437
692749
410611
559983
943809
472531
413141
613209
73218
85798
36109
446847
899264
277739
946886
849613
942738
741293
611431
313070
622002
574485
304875
813413
66961
417853
833100
50595
576436
312845
549524
464872
5593
960134
541206
465753
432665
954346
78962
22234
40143
631422
469081
455759
909160
415966
305371
368250
673610
433153
681319
295611
523990
502545
625376
590950
920397
458475
157896
13184
771319
707419
994407
293264
667552
535612
759016
616568
489958
354329
638802
46452
985751
624234
502210
411262
40199
807580
295863
230161
757085
977181
42123
281074
996077
667498
388375
916474
125973
546270
929657
897291
770040
440416
706906
953943
976027
465922
570511
465984
336602
725664
512436
838704
349897
14645
249966
906447
338577
545828
136607
612013
39361
178730
893086
35437
846227
797812
951910
488551
860433
397919
385842
630472
838334
92747
584414
330712
75020
671276
796696
411622
396939
825483
766677
263187
840127
16642
169634
695055
78822
822592
307067
118182
1321
716504
669970
363900
514315
138232
852450
374747
52502
754643
521570
407187
363742
105984
737898
955113
293611
534593
883086
206902
876427
649763
470088
232906
182756
156073
927960
261577
978665
751379
896110
496337
467882
82432
860236
498549
220663
229038
389647
273164
500032
911217
680350
863773
533552
934599
818886
827162
985544
218323
34063
861970
868085
20503
94875
50841
692927
539187
828769
671591
290565
724879
167928
274798
323662
544515
773346
544324
289904
162993
817487
789936
590561
14188
653708
124112
948786
988945
467625
450681
723620
18040
312651
591704
38542
407525
158896
731468
463063
987665
919411
753627
228895
87338
544777
552556
148204
318122
96879
438108
997466
430717
228043
588026
961256
398102
712137
426393
903399
179762
877074
627018
714153
189724
735073
752694
113600
893969
513
93015
397985
919923
362993
626879
523612
907769
695786
188168
742243
309016
626275
739708
256084
370669
844086
217339
285122
72574
160083
704872
768687
37156
331889
482839
743231
583314
235532
373183
477282
752397
466197
391618
188671
829189
18496
712283
253310
230633
900450
995552
539648
43076
251611
795731
413744
95696
529421
215217
168270
689503
920089
453308
243011
768329
936147
502593
351642
688030
875775
345275
440426
858323
736892
629097
203864
271739
857731
457173
18723
274532
969076
558370
317607
220686
870452
247702
832734
399872
462918
517355
605727
383006
970662
848737
667687
906808
351329
19328
111190
743456
880955
67967
601778
134198
213415
321993
922289
71145
779165
941011
862028
264592
499381
179634
1630
886184
427335
834363
286056
406605
351717
891782
305962
838730
256870
973648
261890
608198
509328
373079
868005
906634
957397
469783
40831
170812
308127
963119
758308
603644
420482
620336
868235
436214
799969
869864
322397
743656
704226
608452
666612
572294
16585
972573
411024
273454
946221
189265
881652
971900
562343
749656
878533
519739
735790
919363
206902
43917
398834
965210
647560
335667
101897
32146
771880
418217
902010
94276
161872
122587
702728
344835
694881
719312
317408
622256
992766
779980
811520
390769
751879
890214
656776
146763
926304
908918
582477
649558
952834
497662
614767
116745
833328
233015
148890
605207
651231
567251
699483
329455
689838
918562
674289
901070
637873
991696
523325
146990
288027
851196
54110
556257
257761
227238
703019
700416
136155
285496
349973
605340
783157
481091
238436
616485
714105
387325
221691
881688
954576
437525
211142
160765
356086
885430
61834
510311
393478
101510
657300
681504
469057
227762
754113
726817
454999
457131
427232
107505
258978
293557
712844
42135
774647
467631
174971
5104
854955
913013
886791
325882
350538
97932
486646
706623
499713
64831
216933
409542
166340
390585
607398
635396
134698
361510
362212
589696
818640
305796
213552
593970
115704
442747
152456
406702
910377
327426
411805
281683
756790
814947
607565
107327
429230
610562
330302
445295
675393
63586
854836
358084
454170
462233
993480
105219
340094
872043
694914
675086
694190
424817
269055
809893
867563
421510
216595
777939
748935
144751
59622
505724
476050
183538
129403
905279
794099
976056
866925
985843
39641
721761
343927
10163
700345
337406
115381
40439
725800
326647
715524
419990
751463
984578
746234
619026
406087
479180
913316
671373
623931
489289
693448
616332
672826
822850
37962
983277
798905
904887
969119
354898
626647
829397
365060
326991
683154
480440
367429
408954
323438
599304
345295
74901
583881
91528
210278
506319
570708
639945
177691
710990
129234
871139
327321
802059
210340
365282
785335
9245
270168
270806
364142
413166
616554
245553
256509
299708
242344
140289
708661
565782
739593
570307
157034
839825
661834
367311
346144
748893
523607
523834
459882
652840
911324
303554
971251
121664
185188
272937
130908
971707
60094
11401
901225
676648
773305
157733
976355
15648
298021
201367
581429
553965
771673
738462
393790
949858
622124
739933
698751
145731
780118
674984
314922
691442
494890
286172
813105
680077
75461
460364
168135
135554
988116
69359
812201
761420
743443
788555
777067
41464
506273
358496
111780
277945
613309
505569
744155
751785
761853
442905
413867
541971
634240
728788
233412
129129
531312
562868
325557
123124
23231
10044
258677
11346
79402
70878
289117
822845
375784
66183
380660
398409
941030
492439
192705
554339
514360
936859
306123
276212
896115
236341
334534
530355
965128
84297
175835
12791
163516
17744
135914
186746
27787
910943
714443
107188
981820
519911
446384
873955
586094
343395
788715
527123
352186
981420
597813
382897
918278
420287
175460
330745
656627
509994
377451
138107
110642
553285
150897
274158
571028
803163
977255
115166
714105
691698
738706
212276
211608
185089
602582
314053
44836
391297
841176
397021
372716
955340
296269
807345
375627
471728
138089
32253
981721
515539
686711
92363
585176
837608
366520
672555
157122
343774
787721
871226
551823
526426
83501
279783
227866
202434
593835
272701
593730
951362
186073
482797
423054
482341
290142
798680
954069
944582
347284
935789
460121
33995
544503
561648
387954
427374
234202
545075
287500
21922
932652
839322
548347
16152
635456
776213
734937
745643
565265
328667
213356
751338
811463
636409
750030
101604
951440
704098
562538
298724
156239
22658
849070
217093
100657
237023
644467
334858
298449
931966
356780
231100
287639
421478
763603
923095
714042
498539
185089
279307
827205
398444
546996
155020
34853
297025
772975
502644
1123
335512
801367
673713
874521
166788
890805
975177
403810
535271
310035
218610
983588
183166
449709
271227
604643
729663
710673
835037
228202
895761
114343
571758
810556
177690
726777
361760
474714
16104
864404
992188
351615
182122
665900
226136
348910
556705
201312
269071
91975
27698
487681
75563
210863
453741
863141
331858
183404
90165
166894
927957
502277
797588
499714
312832
975277
742843
190944
449990
758946
55347
442178
626912
753820
624429
853047
102729
181133
570711
888152
789460
598408
892184
381374
325623
345924
244514
173832
45679
851030
340725
973635
353306
654664
989701
182489
629940
248895
373432
596281
524192
945130
554810
151103
698950
179239
520502
318030
876723
607564
206181
666182
722323
614716
47555
47945
960640
292068
221776
522670
659449
78852
12657
12754
733515
518709
711595
879806
767603
85026
992439
808146
546508
547248
959248
761809
242838
996101
596190
119561
603664
318723
785742
325987
933438
833297
373931
410429
641716
112059
933099
301165
190910
945755
830270
440777
464463
541864
320582
748417
143242
313020
556562
206101
376620
515809
967909
619457
511910
80450
255369
115573
399172
557463
957911
332610
390759
331842
743038
548826
960252
192488
366342
151161
138242
712964
591937
119056
254827
428871
867472
914420
258242
424033
120520
634861
456194
604780
770670
484455
685230
542390
116379
84401
99852
74290
933362
6962
922483
192752
72140
882734
385239
438481
550246
39833
151444
658535
158888
922623
87405
26360
353394
345646
966744
473914
496859
422937
595045
783880
907391
280274
326269
23770
881027
942473
614411
330740
949434
536893
523491
21573
419626
425082
976406
969871
464914
644201
628405
140153
83175
232161
166512
436569
94159
649608
426834
107369
72544
21878
891248
496287
818504
733868
36408
699530
676340
650818
30269
625774
704062
70112
647346
640039
495193
140103
126261
476458
784304
271018
616610
867478
503178
299474
304046
113688
949081
730879
221056
537976
269109
112303
34262
87612
846171
587021
787141
38862
754190
333761
664635
458251
920224
828333
98289
931768
968435
224550
408225
752738
495567
541187
620216
515096
357012
440613
628784
306092
687844
849839
360419
956952
478494
911033
44563
841016
498053
348055
879877
252243
681815
544512
710493
602039
889196
325134
50158
857630
549683
458383
126720
561601
515921
263287
76696
872932
703899
221831
695375
391742
71670
55793
348693
66515
966825
909607
907530
981230
257661
787406
233472
455828
848269
460316
574218
737464
785449
624375
111446
851483
599109
238165
413083
115029
501451
6131
504312
205349
227961
716038
113443
815982
771831
978487
882496
255007
888094
790025
236236
145754
93783
986059
117933
942051
446375
692150
195867
748175
316525
307312
116010
431985
545476
45444
547014
563278
51574
567677
284978
795887
283715
398420
611868
571897
376907
10716
343255
265000
800740
95843
927105
410874
81901
561390
869277
44627
253539
65143
309154
86415
888806
425163
518400
950633
470606
581765
513910
38532
665793
798887
834418
949507
197307
962637
37755
90565
973352
381010
871916
290444
993204
315372
217669
75104
876761
86945
636083
646652
152087
461588
733066
557244
886750
767817
507876
873707
349581
21785
912238
15374
337024
263007
481232
50682
741996
518987
141246
231699
416348
13161
522142
409551
328532
739811
1006
721645
343107
153440
368296
11546
615027
101361
568789
18128
869178
76665
891835
735110
614801
320424
266835
951824
99783
748067
518857
841778
783405
660102
73476
716104
189614
111970
642006
34498
851780
159363
756142
194886
829155
640789
722783
960533
258501
291572
978661
644030
368236
386847
379140
499388
707270
162326
967564
807052
426744
486420
648829
726500
662874
238657
442603
852487
350626
600960
403336
718757
760323
675829
429994
105829
316617
152777
66361
575118
444348
45021
219147
328935
948219
114638
828322
655489
276964
795885
978892
703707
798657
144073
430207
461530
382729
389161
830368
733354
506473
233704
452110
783147
909532
398455
888975
226149
551231
955335
317618
995578
516708
536764
324512
464926
167754
669186
636766
444717
981422
615658
664775
780078
276082
611333
757959
175162
494
588327
908515
506966
338382
876976
290112
247913
275430
695438
990413
343013
650772
824382
338590
683831
877498
179454
148757
45251
848639
785522
6319
830060
917531
187445
610138
709964
798778
884448
885125
315623
472774
309991
338940
327507
703318
629051
575420
495100
840840
82184
838112
491611
422918
176701
175442
300415
356154
840550
862017
204792
142423
868335
34852
576306
55779
161341
286269
370908
45788
171394
686530
34914
481384
25469
362420
184702
170871
454191
679801
11710
52727
517912
19673
475644
210964
711466
292410
567118
552015
154426
288261
210789
539112
839464
787094
111242
517156
73363
482150
79296
761108
685031
114209
242491
710500
992980
943544
397722
447171
623344
409432
16249
657607
945456
491892
384923
656921
300653
952040
725287
455078
756652
452427
510541
112468
239521
621782
629623
829235
620283
708918
590342
305314
339478
349184
532165
332458
292728
929886
295980
432423
855669
312228
606382
801124
320471
991304
974396
621123
459695
216034
592552
216346
668461
103092
845165
424333
241225
474788
769919
861508
700057
360260
683173
555887
225795
215337
888344
518522
661574
700675
467297
517243
12902
73678
834718
333372
64981
325466
470846
524675
57851
63397
257372
242663
166488
102537
666995
924064
93676
436913
785571
310084
313524
985095
865970
539319
716783
270665
574192
378357
971339
41488
895599
984240
631517
246668
833963
696497
88485
304808
737523
146336
368204
511247
388998
51043
130135
572345
975107
740162
525609
277029
50245
839133
778476
432567
894803
495258
703231
985346
873614
674570
26834
285564
175161
658350
48584
525476
871199
137068
346635
125073
283403
231191
636319
672401
282233
282805
761097
773691
22966
286705
567072
589563
642189
861899
22129
53343
357156
725359
38689
747122
916280
581874
32685
607793
240223
597620
649620
627773
734688
996254
752846
534442
227444
905516
723194
26029
188321
484290
316071
727638
770995
883142
317200
929535
745040
339328
982878
618548
581039
21566
365669
13670
603439
914705
621462
360013
512325
271081
987786
763364
783687
256983
297805
11130
678850
20999
553510
867170
21640
869581
594808
308986
269074
912007
238521
530466
767687
221398
149013
348725
759315
31033
362394
362753
462089
500208
239117
974413
287640
743254
254128
71326
236
551933
598808
679086
89283
152317
62607
627274
21897
173766
936260
807323
602125
174780
337788
369811
912529
3152
718535
188195
550536
597280
550947
12624
97487
306415
987037
385127
49669
757516
972804
566256
309448
571611
761693
915082
723928
340652
58708
262176
514417
994967
69498
116541
686098
923637
2703
114978
443140
237589
303172
993675
834869
370470
6299
448707
676884
509687
350185
242904
267202
322989
809160
93002
894599
87204
524435
134878
427855
583142
397054
458624
578108
982903
575164
780557
422892
94219
895534
866031
331807
198705
859706
683027
569174
382356
131734
762410
892042
481918
5313
159243
804906
330824
252244
215857
418028
776679
350734
362234
359820
264139
820857
454280
247042
912373
234836
186285
6591
130370
52315
338397
845426
428372
21424
930952
810727
153157
693361
219120
151426
215025
378363
472684
62201
146958
688540
996580
439988
555625
358813
316160
819764
696022
770439
583157
608394
521626
769441
614984
168347
338107
469732
13773
282831
491155
461076
609909
160663
670788
829029
828441
885812
723743
301124
464364
870700
989663
460943
827040
61639
819756
143199
881402
515777
429989
464558
640522
951614
750350
255505
636313
88457
725236
166437
371287
732743
627512
981195
893405
298299
326575
721845
700462
50317
539320
164826
437369
45334
625768
264408
106973
961875
923958
988374
994003
870298
969284
634524
338263
719633
406380
974575
808089
647968
141011
695727
380710
768522
193274
790466
583172
519848
28663
283634
86517
567982
964811
523885
129668
106930
304644
236640
68805
744953
741365
579159
615250
710648
730035
953512
946633
136414
444439
754721
784381
585449
966800
681442
870323
160073
471908
969846
196272
500570
769831
799140
584903
734641
839376
714570
357923
144019
467561
426727
405323
208926
522237
536924
435925
252271
6788
382557
905037
451226
653630
205769
553026
620429
887211
423348
296853
875470
909546
9476
892391
679376
808616
477293
930369
647991
708215
288291
308362
692127
231369
713684
901052
753605
250608
853329
522228
257395
235885
943616
224972
889514
149384
777997
26294
552946
717697
839498
428415
627242
848974
320805
306617
657589
314450
753337
305579
22664
41627
130292
714790
272995
843976
132194
542952
610935
501874
581531
384681
737758
525146
609652
143624
674529
904000
169917
227475
621696
525767
172241
248937
374740
493046
71906
548680
807495
825242
370610
346510
866869
500902
577651
656215
861229
226196
199166
988515
728069
780696
373195
465827
822193
499198
125802
496722
403197
812070
240548
24893
337836
412788
790181
228927
422185
862086
777606
229679
203680
148216
92540
70548
649117
670191
243114
510345
412738
442280
498859
140807
739327
388405
122985
561520
403954
248786
574593
323502
577207
331492
348394
915043
260631
654927
143969
682816
33364
437927
428846
237043
586142
37738
307590
751610
707928
550704
261954
637017
509335
277164
777823
765013
181920
417159
842884
585873
182296
933828
425726
759503
265319
290472
190897
42302
945398
851217
725117
978761
289143
670314
215804
391636
708051
39745
143245
932330
106800
921550
569347
132486
715065
863521
897499
896984
280680
256734
999208
462975
190562
424934
738829
972232
715405
929725
14533
177154
297294
256001
155914
586436
442667
888069
978072
150717
927814
121316
599399
550965
559218
685097
683451
274282
548617
97301
171266
345648
870386
686825
808623
60947
628110
63803
33179
859866
993528
564063
37019
290821
820064
709285
393608
262730
597353
888031
929798
41518
525699
529196
108835
84916
214292
308637
359197
279261
405937
46814
624908
276322
249991
433530
853621
878100
13685
403151
737966
7212
967213
291336
814384
787276
620
724343
50005
114325
612374
979803
155842
138072
25350
264676
739339
239642
573312
98535
518902
495600
661701
660161
288274
911691
610043
658246
306142
623727
61396
44107
630938
28608
851795
961673
332236
852414
686015
382240
483090
814740
878394
638932
469163
420096
419959
208501
659737
509623
823388
694990
521574
485088
355150
326199
913130
965192
984444
219271
588918
562191
779730
736207
590799
631524
214231
923034
289
416598
821625
483379
747689
216371
638662
216852
636466
574972
941704
812554
600946
765091
23895
122520
766530
895396
965070
679659
376940
465866
898930
482209
28056
195011
734768
135206
826534
948998
574591
826822
881947
912568
826552
629636
128938
465213
362839
281755
556537
304542
94308
157482
585985
634554
280001
352514
529949
761423
548525
906888
227288
963806
389097
255343
158816
640216
906901
985349
589213
481491
328522
987512
394058
671426
617147
39347
652990
979985
321101
209526
800878
931760
367008
386862
566313
163360
255728
96262
924782
804252
519501
152069
768057
424949
923764
926872
65164
830664
428572
170729
312154
273445
158240
222564
461222
775386
261910
114212
271722
583011
323737
72599
514770
207096
459461
597435
370456
715188
210048
295237
35791
729548
447306
803847
670849
887421
247070
736012
718084
191993
423092
30237
981789
581331
252800
443011
873068
31062
557222
144789
614072
397310
733740
645193
604406
709552
242627
974861
424739
452674
786449
976881
698574
750106
297079
885774
637526
544148
138137
355609
252492
561229
902198
234280
142559
671349
193642
531979
702410
750863
193119
832833
664525
926858
478026
785282
636409
237004
276494
577499
206030
62942
554379
420955
813048
851457
306728
966925
911956
444864
838886
164447
6092
741083
915079
665003
928783
108720
196981
631193
375935
390099
980377
40459
833309
458402
342092
469717
211758
618585
563568
417787
681526
117946
838741
10925
485755
145468
977850
397710
590331
333087
78509
112775
74169
993587
294129
519303
618658
491109
666847
994592
397559
647224
551402
230867
621977
893493
216936
833734
512077
780503
251520
709955
414800
606612
720879
900554
752079
215080
814616
858762
548166
409476
487888
138686
403062
782016
657989
538071
789476
324835
532663
187034
488410
600416
934253
110387
493909
667540
944120
522337
964394
711992
232291
379193
318603
469522
796099
70682
684601
610714
445795
749119
20189
933682
887804
939602
715697
62144
477672
505172
903331
526686
208557
391740
127102
659161
18478
137362
326700
962598
659698
807445
190941
408341
186638
509543
877862
982736
96576
562462
109801
542370
827932
646341
992403
715736
102294
708099
294231
579965
729622
197561
623003
454531
105653
266456
113691
124130
403817
956743
603079
579866
764187
794019
988206
467176
819914
382419
449911
916489
944881
76063
975211
289164
722403
483965
4899
824696
192064
815482
921013
438037
13042
60367
892567
635046
326822
6258
275528
730638
479352
878606
826855
243538
188977
331413
710714
525242
713831
676976
958082
175063
269391
933292
464227
508145
933609
469125
849193
642024
284606
286557
80060
814000
346923
972627
965397
673744
495236
240924
920733
490939
635882
747587
734476
824858
78999
961541
350099
309182
154869
824532
484244
940611
274176
948470
448755
207784
417595
814299
849807
218552
100855
929866
548903
447777
418844
514300
637872
430431
271575
558604
921369
907456
822543
172197
248665
417893
133737
115115
727074
804957
939647
211318
745567
213822
159787
710674
421605
93733
524972
271411
828637
625827
201276
377539
73603
136472
408190
711475
566902
679765
786430
488271
103572
608972
660467
352237
543217
310555
467351
270290
631864
406997
481607
377430
620818
157746
604455
558774
251478
129427
830184
596466
271605
547812
490357
861559
684283
898546
89385
767536
94662
875815
255806
198234
1138
432624
66822
544354
259531
534172
814644
891394
457521
812602
785175
594690
970347
389630
153464
738177
519056
983647
334642
307012
47810
824998
168570
732092
239896
257955
15980
850909
133769
271785
565494
134906
220761
632315
195612
480291
682839
10255
371684
140359
339208
673210
251400
825907
62839
404863
564083
98246
904862
415076
405257
952671
756426
573827
201115
996321
831781
217094
847229
481901
5230
929075
616806
742342
561389
328769
222632
244227
855375
110667
900937
194583
783877
152337
20489
363067
73551
100923
461313
978412
32350
382921
447435
788775
956747
164901
301447
304879
898346
665028
786779
419927
594102
919937
162269
155490
248705
901252
916069
104080
11919
333357
815014
312147
2045
835502
675213
75596
452776
652877
570359
1477
35798
534145
790252
508896
215397
91698
813775
630094
273077
116905
50021
867178
36841
728641
539020
801898
629892
455088
422329
158162
304796
237342
470308
306841
72843
661873
898788
41970
831101
469146
43446
866898
519643
350049
892146
735039
958099
222272
365133
231175
339176
931505
614705
892369
660145
153724
210618
806388
125163
632946
964550
429958
870287
951209
253150
459481
129433
151937
501450
960534
137435
61247
343783
657077
927648
235928
908467
885746
458199
273599
633272
313727
205103
247976
722447
381599
401699
933064
187987
526861
566009
668888
473171
436295
620096
726320
895775
749529
878257
913576
226414
532043
491174
570196
189119
418821
806124
97585
820918
780674
887536
454190
94400
608990
218517
816846
990589
620216
749909
178575
663428
832269
847462
652950
268563
983909
379270
680689
249789
773878
110616
476202
305920
118142
46398
495038
53314
852521
108974
874232
149546
996509
844773
243946
605499
63289
60791
112439
199856
327052
291013
379636
159320
654826
32585
944235
155086
411854
141275
404875
702083
768243
881076
8002
886384
443825
19391
456049
812697
644717
330280
962243
641225
175052
206188
763075
754693
783330
875513
470900
626733
682877
850535
302405
854054
883120
246639
9140
811325
904265
930366
513408
188859
327793
37761
591594
771618
57152
47643
584314
218220
377922
62908
859444
69326
269095
138871
340370
568777
530735
811269
195509
729964
661804
497913
584017
61275
260903
109508
872599
681520
39873
902358
870378
367666
940119
978324
655635
513622
25966
756300
731841
920239
819208
107636
989564
604654
246506
846285
173430
293593
657554
885291
23556
835709
899555
607572
896983
676810
233432
285933
358329
789656
188291
745058
673673
644761
723381
329307
158382
265698
85607
406574
185937
904814
514209
691852
509467
277067
538137
199249
570659
712042
84539
594214
547750
500445
718137
961084
177254
467920
247016
51934
257576
951658
313344
931248
112770
553076
776907
271151
818774
378865
194076
4710
283678
708285
212913
309496
501703
751049
25096
72361
463090
625986
182926
10839
126431
417414
488274
820036
885334
251642
388322
659261
203299
701665
106860
832421
254740
883766
619923
589865
262630
813999
110926
62659
38635
323839
888507
540337
591239
913602
129049
54329
55940
828326
581519
182370
245739
69793
518757
647424
321434
907078
306684
41084
608742
929896
873504
379834
813661
493427
486050
592643
823777
596976
171653
862411
437166
60159
919099
28404
490113
48147
599084
546052
876472
180603
244773
638562
250395
763529
285986
88180
186959
109021
645615
795700
38916
35471
691885
368929
45249
177935
961571
869025
291262
133223
247787
244779
709734
166885
789534
199846
215031
388618
262249
607854
569220
23373
246415
335966
303253
48752
940497
490211
674125
586111
802263
713040
137933
494147
598320
183181
188433
559890
52205
996046
209465
299991
757176
435550
983227
546710
635395
198257
935327
413995
806110
20898
437367
568877
873215
256971
617628
813711
747182
291752
916173
549444
521144
54106
559942
635815
237286
264727
712057
805843
777124
921521
622185
534300
357070
605412
81009
508816
320020
532687
439162
642482
69936
392880
211358
943150
649850
345337
273212
397031
153441
189384
462826
190936
759841
539120
826750
513479
803846
538806
319321
580969
976678
457857
115268
850099
579620
712628
358914
899640
761666
314427
58473
831601
707306
269830
291102
357156
615166
564313
270538
284958
270049
249716
475893
29889
788835
302643
543367
592680
841448
379039
690000
818126
353248
805268
184576
932867
34247
543490
348858
312265
374268
407330
143865
81574
677159
951319
955081
808677
515631
741970
93634
785679
991685
569527
815568
780519
388521
875286
889550
229968
254325
579550
564445
607572
384817
749021
56790
935415
808862
405648
247679
183129
812977
907896
781054
6488
859214
736134
331516
891196
478104
941501
676875
986140
27379
8794
766659
415899
884079
656208
162219
654755
235757
243015
778678
136925
992035
835468
588692
317248
241115
836370
16729
570443
744265
314134
93282
119830
566620
941149
11026
561075
882650
204252
547214
