310318
680468
146704
516939
397858
927744
799903
795735
684139
504538
287353
366736
526854
100206
109475
671634
31246
446995
189121
113122
479908
659859
185345
977428
332277
216010
633914
716429
750146
704461
250396
60463
384928
397100
93753
299138
324843
893656
611224
525334
914545
898576
408421
957750
515134
517895
145735
546379
481241
334856
175852
961149
994714
877548
938576
326990
609909
88841
559771
360055
793301
810166
936869
694580
207265
546974
510069
48460
440629
121292
573793
871525
536220
982213
829274
51353
500107
975009
114083
981347
826216
289935
458847
820929
683834
397422
664270
293743
2614
224040
170149
795914
34206
623369
6846
757822
170342
516914
806281
127322
638206
896425
998846
174425
878637
344472
742129
895095
319480
856211
876442
145695
662497
851640
482975
346331
249062
663596
156425
768027
403988
842925
563941
438193
466293
570786
712366
152987
604051
518647
280308
242256
415071
279154
933032
810060
623625
675160
705154
459456
47723
97947
121502
710219
949587
604476
572901
715000
784423
245677
483026
188410
88601
563318
142954
71246
650455
855320
224232
254506
890318
504539
13113
821740
300044
462497
631799
440020
137656
853305
899475
185378
467603
537328
411949
417189
658155
984849
648540
442578
230526
647918
630987
835478
727587
773941
906723
378042
145612
130954
148899
35929
151845
678363
857668
968240
140859
489467
408260
278515
859123
307734
980244
326725
361414
908544
260266
19568
893393
425157
462145
640270
73074
93132
475747
317013
383424
898822
211406
529035
546127
360304
564963
214323
38666
938982
182563
179525
428448
590822
974391
803922
414907
470986
130647
776320
379530
907264
795888
789274
332420
258032
429543
921846
867515
421641
238858
767290
836814
450263
812676
382941
326918
893990
597263
881935
832972
296177
577811
777771
886998
552201
581693
301905
539539
228691
594576
919068
135954
390463
224693
468373
164847
654235
390218
548713
592227
145427
832355
429041
595689
645030
328333
438958
539020
441947
320893
371991
738124
415055
149761
625121
483608
247805
443377
23146
476495
37953
458565
612448
944767
683257
80821
625965
337491
987390
691030
446069
132817
523384
391461
244857
684765
719793
200167
223784
161740
37411
112126
416215
452465
778239
41335
936072
26043
1064
959217
502538
555368
417781
631337
16486
101037
712157
642451
954879
215899
849832
917300
348715
889567
308760
109923
574331
544905
310089
314467
706644
347499
426592
122858
799964
721182
680544
252387
747225
681607
727956
766114
236974
145736
397450
769812
763125
625959
412262
234355
841857
778445
151654
706923
668011
460414
816845
758693
5318
643286
73159
228313
507136
16103
867522
823451
737284
548065
75838
484508
746024
803793
766973
499349
465880
164423
269160
229004
790381
197773
463359
148589
492569
131364
855511
160579
591777
188707
919272
113446
348344
508782
858110
855480
524884
725631
678930
778520
790048
754767
263027
536071
74911
30000
551771
540791
710774
337283
286146
17506
535055
265856
166094
27624
397220
537956
704554
505348
243014
140177
135146
591358
165311
993255
446837
206546
718886
125766
985065
508933
396885
764444
561355
471795
310795
629477
528937
21568
966759
815083
39073
18166
80938
721518
562141
994509
775825
783046
499857
18838
923223
151354
610195
604885
144608
573383
811430
863493
215501
796495
888777
128737
560938
966483
600531
871732
112312
645820
409651
79070
460902
448723
613587
58191
686592
692079
569052
462416
475125
585260
481253
914699
736613
607800
519583
881220
697534
331012
261065
913034
127506
666193
41770
688443
149028
158653
76526
261339
804472
486176
856760
781725
451250
986699
356267
137841
678777
441670
116608
153901
26929
114213
68599
279893
722012
588181
161113
935897
435545
938529
848931
563050
121073
407052
767845
270100
82056
360722
47790
886527
846898
904550
184603
814499
891248
57222
952340
86376
498891
585299
240277
42172
699511
825227
322064
937874
929760
999528
873771
365304
454408
239053
444705
575481
646104
728901
845580
728160
89623
409722
131038
452872
314271
831993
267370
721870
405566
736061
808245
420808
321360
564873
462979
20870
390100
301395
958744
836211
817274
348866
201514
271682
587918
162570
363514
750373
891471
725445
994884
497445
135166
125922
950316
449436
474266
217685
687657
879831
953746
495902
300638
275105
577126
279969
812326
967225
581363
287421
803435
914988
636286
521300
703021
740555
200222
66534
490928
91692
791979
485811
589136
927144
128084
55803
892932
602349
273487
580588
998531
743584
592841
299169
535040
169967
95489
347366
653543
193203
634786
973330
108190
787424
10981
811211
527978
211202
394096
535257
819245
186074
537420
924732
629570
665503
980534
522501
784204
254021
619440
782734
513956
728633
598254
48996
414951
210094
396361
584845
403296
547498
74526
511486
334921
85507
839048
379251
813060
233143
914507
632305
935569
451926
73388
565138
633781
53922
603990
417984
307942
739781
717069
821897
468413
831675
870892
399715
41768
783604
984560
445064
331102
575437
472901
182374
177295
828300
77976
990355
577794
508835
139011
29714
960760
212398
594851
110892
266319
715192
45227
90612
971325
762296
428861
956089
110322
816104
355804
152089
116060
856715
113504
963513
432151
102756
662238
609446
931055
740214
116152
25201
249048
771514
54914
726159
500263
166117
837051
766582
397660
882277
373545
368984
160924
318757
325073
271245
134861
197228
939686
767272
53942
569541
730784
2444
672297
393021
128241
119703
133234
244392
144903
898633
532257
716169
624792
32520
882285
461842
315453
279944
860470
688997
165280
537746
524106
490352
325342
175318
687579
265027
942589
257872
350920
673372
776667
23216
582744
904908
659270
232330
665651
804173
130962
197908
520341
755753
230427
918977
733946
545879
715272
110768
751227
880551
648513
275332
370902
973854
450649
574832
755233
909589
349055
106152
582960
125722
645719
682056
546981
304988
914385
212631
625512
45346
410538
662204
317451
640964
581180
567748
703194
812804
678515
454421
693354
327027
246104
580608
817233
696753
671791
572465
606341
20846
194968
705653
662919
357038
387708
209899
662025
818444
422529
287537
380141
833067
466092
697591
990382
563624
265339
209928
376427
943853
664348
69780
787232
910451
650387
604464
123555
838530
693280
246248
859375
404599
951900
522293
761636
855959
248543
423660
674402
671071
227548
54542
20489
209992
268485
527223
773615
533823
737150
150041
994027
401497
736172
297610
828299
902911
902073
951854
741440
111704
714453
600814
516302
666352
639458
277937
38662
888000
217949
713063
75422
961848
283956
612263
688191
68792
139485
461805
118966
876634
128197
112993
794482
864369
410602
139132
767279
829027
607337
508718
940730
321789
625883
973384
988140
265340
767672
26801
669691
501972
256215
261464
980172
56523
873726
668362
125314
529562
130167
244280
406195
258363
873624
717028
639083
800577
856160
406361
145955
463496
431430
603037
785285
57312
576420
289776
839003
860443
832929
25045
362415
605495
286509
342586
178369
676586
527299
303683
206148
657465
64314
128694
432180
454289
845722
587614
254865
218233
993975
400820
681728
425404
520208
983364
999068
96627
789492
838070
957069
138772
863115
835835
744266
665975
694772
922635
342560
222071
742669
548707
395887
323334
193753
344418
777622
39474
932032
548838
257706
442358
949657
455785
867761
469864
955501
383180
82842
261344
221250
556263
400115
600716
392097
144380
266690
603221
583366
609249
825291
842386
674308
221177
165719
868060
81947
943340
423885
13978
492178
197942
456335
958186
170078
840447
944402
125578
223627
27243
386921
961228
99857
303387
561943
8306
964119
828632
611526
547484
954232
436816
906222
628539
174344
71940
12950
256290
15280
436834
786619
23809
151127
242953
981994
321205
599752
926395
963134
823378
469990
866407
300957
569846
169793
862899
578151
650263
691530
189676
197747
645761
142843
620320
790652
833539
692259
803601
89828
707538
756787
876447
731346
424265
635751
229692
745469
751854
156086
224955
91583
142427
91361
392539
712273
777505
255437
806775
427768
946966
996451
141866
109079
655645
762185
416082
489183
454443
736034
95363
678333
9172
488161
926030
433437
640263
155721
695257
392117
828159
920211
483699
970585
527923
876238
682857
305428
131674
5984
733195
594992
518786
391412
220422
174430
153596
636503
179965
124390
888888
275327
802722
898060
763487
245104
331496
403749
400824
26752
312217
745334
463315
795916
715919
991237
188505
915127
296664
836530
921110
546210
947873
439895
937621
684646
130677
607568
321148
310641
731958
210036
585967
51031
624447
865805
296134
955942
785905
213310
499045
98122
474995
962359
410389
190913
953596
115245
622392
766611
951774
543501
312821
899647
499748
766793
584292
630424
374361
421792
457416
622670
148179
43382
190052
772625
425538
2538
244918
727794
215847
743962
825915
207193
706321
752655
914458
659916
867899
536849
942878
336025
596701
255698
235671
96448
22491
336314
243223
913203
274457
700638
535872
938987
260371
725923
711611
685908
728460
956528
413702
460658
216842
755968
184203
923162
24975
98660
99429
409225
635508
42306
745249
232208
814356
497271
845008
353198
833585
604582
266400
108041
305220
318623
563380
81942
560897
274990
767850
289357
747870
697903
266366
481063
970222
450568
920576
995196
549227
20004
404421
701086
578661
666021
933294
909368
163292
294653
262565
996876
899234
45316
621268
720805
363938
184647
802747
924835
975989
86948
730543
240210
784850
513260
721272
271423
963828
641847
266619
29406
178202
187391
730492
273214
853411
180137
182582
533054
991141
961498
529929
890374
6814
667549
127531
370751
368547
930277
811937
344535
17224
542479
101096
802073
55739
822367
589847
535918
464213
856465
81675
158766
560207
812166
431980
929970
508654
130913
463023
499794
92410
509304
906520
99223
176852
34050
469974
61750
964326
798262
406285
497901
340741
23732
816325
912831
846099
406171
448748
826663
778988
530422
985429
339194
858940
933760
785515
367593
64672
248538
383739
157081
274193
806610
256304
967396
840659
242629
29145
321336
40890
951781
819236
897982
975513
151912
810812
337963
558082
775911
164625
337069
306333
666405
676263
681624
600164
978129
565568
181187
743018
949306
338268
17210
272267
110923
984605
112925
869903
530102
950612
427144
481882
286199
325126
973746
438110
652289
311708
996192
428200
992685
333260
250884
659089
525874
932507
775605
20355
498074
956791
763372
963732
811410
780582
235998
438684
281538
865275
824938
327991
815886
252082
809873
618437
93559
299970
572898
262199
611678
569089
206750
604362
418701
457633
779802
460926
390139
555406
481280
888213
28549
761004
851944
356310
57937
87941
311346
855826
469567
136283
183817
285453
904716
510041
420241
514626
810010
993138
776825
421687
78579
983574
542400
13631
441207
322202
990908
347697
393959
988540
752261
938859
749543
120556
295169
807479
208497
606514
663304
194415
259148
847120
479867
163864
873512
416459
678489
683522
409597
455313
621560
4527
955239
163960
18157
912797
2513
9064
260493
912823
997603
12754
851682
263497
133309
663202
70975
858157
269715
250631
52572
45214
614102
48790
209077
487614
465249
887566
171135
391197
859230
309046
395723
330820
473005
930231
243616
991869
939294
504109
904692
453249
33214
272725
716745
682874
935926
304072
541031
721992
554702
109954
767205
168803
675095
976282
172768
140343
380199
343902
47891
755780
169300
959965
86600
158656
890195
330215
150525
345841
350675
571568
799089
383888
844292
32185
583114
780217
336256
124144
18560
407309
750449
785764
92464
425543
278397
265231
82238
658595
125485
130128
414375
294784
90093
500974
453439
496639
347540
120315
842479
698215
691882
157919
598454
536173
190104
697919
832741
42711
338414
367652
450020
88862
153416
58835
514405
431812
324065
112994
90407
449549
759473
21133
260684
849565
38458
714123
862556
385997
834437
705034
600563
42671
862953
715369
95195
53056
413287
444288
612118
751701
811939
578489
356914
965354
637323
387670
397166
961388
500663
3924
927288
260136
541408
704324
626052
579865
934798
488607
482213
285586
709993
599128
328256
572945
314496
423451
142352
244134
867738
754469
512186
679676
332958
385452
161382
486632
773121
74899
964371
273784
595174
408011
50271
136581
112334
192674
716445
47131
681281
715009
332716
391273
314136
177324
480569
144983
600774
622920
905469
984863
893740
417654
180890
743049
803105
342271
229681
92578
417169
194051
882713
12342
118413
932983
665274
230746
125656
898070
794228
323288
613079
643296
230912
927214
820619
711480
588549
937744
850751
494017
438958
744491
428022
619847
3891
747479
478470
233571
840056
895638
943974
722768
424332
62386
172102
89605
809484
814109
504027
120063
137397
117105
763358
884660
560670
100328
596140
149218
38071
963242
643234
993380
707732
587608
613227
711623
335086
91696
461545
175141
503685
921870
414260
444368
500608
102713
50325
826443
916821
554351
946505
570569
187807
709863
455229
748476
326542
567720
897694
364613
530961
57279
874344
238693
644886
487570
466667
496323
95617
444563
187815
115654
366433
602074
76373
383392
704786
643049
209834
621607
197399
156338
708527
901557
382552
163755
650033
709094
731474
64078
590058
262435
637708
464401
17479
798946
468323
497
295268
80291
445059
483083
195944
327843
85156
788669
711234
306294
431717
437419
444252
629116
110109
152778
530672
9012
832885
697056
718105
564358
761133
824514
343144
915193
805267
360622
714138
273589
361118
9405
353879
322529
492487
66175
650371
93995
854843
877957
916640
286559
831727
360891
432026
941835
30020
479050
950847
862904
176105
185303
943614
453590
526169
286757
885134
331435
163731
599271
121375
41200
608675
991605
363728
617514
57779
530451
711508
428973
924759
144499
715532
756485
21741
663909
214672
51760
142958
681870
431016
835415
383524
890981
805356
909692
694089
690489
757478
374171
289759
878852
415371
414785
870457
295450
32298
444587
342252
260157
873560
267010
404655
105443
539847
942747
769351
754518
510859
428661
952739
941874
780427
336262
349206
585782
762306
43294
792622
519783
417465
598732
914987
349187
13516
785443
644636
562166
746381
503240
338674
136292
770249
259681
241734
826447
202427
527437
580964
713285
472449
533702
171510
252875
386316
520715
355008
148621
80361
663981
668403
497825
262712
583389
363363
792579
885183
524350
354744
631564
27589
209770
767855
314190
469450
525941
140636
671876
53377
721600
901513
42177
771653
73022
295051
674320
593737
166410
822940
674097
830390
7695
688273
93101
591083
51635
402031
992618
92336
273127
140533
119925
482896
424739
434114
952345
950679
91101
140572
520407
812700
42084
562583
100705
115106
373985
775024
225194
540394
114316
899290
370783
122010
103914
463883
229444
671900
865914
222061
764235
655392
878945
400511
138287
303684
350976
90631
770714
442077
747554
291121
771128
789638
370055
871832
421095
744040
163208
646288
284433
793875
61929
655216
915884
165842
635450
661679
354093
17715
400092
118327
673106
279036
35190
811392
99071
386165
418374
869785
828241
165928
160905
599369
471917
530959
987552
409363
274998
667111
55650
75783
460985
633930
730998
893220
316123
366447
71251
670215
900514
471342
304893
573619
266729
340082
901363
365800
726247
319736
235584
70839
2015
912840
670207
990283
960150
174111
399645
751500
841221
971646
827282
818558
605575
74631
711777
921697
441077
783027
108263
857942
770720
929508
431561
37449
269589
332923
919600
512187
169010
671535
583026
687377
584374
769584
677659
60875
943694
77304
812374
784915
565301
156007
603472
170876
230637
831600
608924
188066
130979
233539
46007
418050
163046
477567
971850
948986
326841
891449
977525
12203
562983
560550
699579
663708
846485
377237
724583
790179
970892
53308
91445
536193
209315
211268
223420
439951
559219
348695
628016
690197
98585
674023
624599
261630
667941
596448
726968
511134
487897
704492
523336
567231
781393
222914
230939
627877
116502
471873
934407
603746
525180
542203
139938
734494
753470
879709
174445
312689
744755
318812
519237
843340
992834
143835
621321
177127
740283
348288
688260
744531
569131
211595
311761
866875
950860
59051
11104
67361
530923
945510
671106
572455
487713
327395
306948
757534
723455
997744
586574
468210
316556
622163
311549
825741
282349
449221
2867
538983
313861
691126
283513
882991
419072
111626
749866
369931
170676
760969
953644
217951
222830
624749
790405
226894
952144
613704
984428
191950
611448
87353
660159
444355
709515
488059
270095
508216
937280
789314
47198
251140
996791
330711
650482
415863
958688
400347
302145
645715
677667
255788
863665
900497
880537
170421
127390
349032
784125
628169
540981
395572
231874
717492
839926
457740
205550
626372
965955
659181
415685
13153
910320
412476
860215
560802
344690
818902
477500
646834
980968
155167
902622
844633
572015
299510
15053
215756
164893
315529
360277
222225
227452
592150
939716
67377
566241
145266
210101
532196
804446
625785
61700
231118
554612
438266
308271
415653
773519
785770
62487
754486
457288
481460
599118
545654
297321
130523
761410
462213
962403
121686
684437
189855
230187
624153
773583
312779
285770
983683
844974
90215
125820
423025
321332
196783
861290
629602
612436
634808
931724
674922
905646
389011
672733
21115
451017
970053
667989
212426
948617
630392
850463
633053
820246
597001
773557
593828
909779
59326
93863
271105
665893
219682
210481
987224
416464
71771
133178
545251
222930
581253
220172
128575
486615
409256
149690
937631
895660
334030
666408
844276
964421
516870
477329
784666
630222
767237
894846
540001
826563
988708
327457
492455
724741
537937
996030
657556
126059
645559
202807
865341
226811
939330
510267
229778
348586
176308
167408
244245
510338
833816
88521
474758
867037
82201
775776
497259
849437
670621
553611
192351
175680
881067
684805
900420
935355
197187
557975
577766
842745
277133
443106
585908
216463
953372
815685
81400
129680
499444
325644
156369
333259
930516
631126
200296
529068
406901
213906
894857
593873
283868
87207
769552
681286
288364
186323
616640
485550
260650
194405
844646
537782
153862
430553
754244
107234
762589
351995
753265
262033
193991
909633
111643
124506
57110
828290
169926
464011
42195
64782
574235
326062
668340
860139
7347
473055
46461
140339
958604
307110
851095
319602
361244
4957
266506
631839
112190
29095
983834
381806
291127
177824
807790
402769
818681
864899
747411
988606
845261
789605
569739
419496
632019
754431
279634
155717
227485
842446
296055
702441
149556
147150
22042
27151
152106
288547
658989
780647
833993
642822
162452
125119
336997
970241
44240
155678
351491
308002
660635
196752
97606
746726
616247
245976
501156
412232
401693
244992
254677
697747
947432
920584
361248
485825
947734
29705
774372
606723
810351
608364
765896
489154
249835
102893
975746
810426
774922
327237
118427
951908
523988
732384
698633
656586
978360
716140
68817
896404
961132
323493
594150
424915
244077
471750
910740
708162
501454
201463
314884
311805
326178
597132
317310
576012
700024
293056
902789
991297
136644
537567
943204
176983
269951
158189
833568
764662
874328
418736
661065
351811
258580
771566
776726
19008
243315
203817
727170
744769
405279
558405
572925
731456
155536
890234
823820
371911
699641
726608
363207
836284
780527
822763
529618
50477
980951
879537
331490
855278
298272
992554
723441
73204
764119
16518
92211
523786
220334
819380
784906
141964
894137
357830
389771
49672
764415
213590
937935
464056
456550
817493
816691
237076
640255
862661
803904
621205
742197
135393
992835
40469
644298
716275
113672
924768
732792
722234
448553
469477
57966
233458
611440
952102
107639
1210
518125
872054
214800
456059
852461
187701
273552
185503
941128
430158
48163
745031
51363
790360
396775
560549
347180
557424
276823
460851
482191
525966
699436
447096
995442
757401
196905
606881
709502
304544
608090
227627
692949
339241
200037
61761
43293
989940
247263
984420
420098
811778
245802
471460
602137
642576
32008
465668
199999
825182
926518
198542
351147
142305
645637
346588
899706
358893
953468
125559
179788
77909
353185
872736
933502
69574
934496
976794
59513
698111
477566
479610
509888
723367
467421
628376
882295
15780
94043
598645
840961
536912
313538
708459
679216
959174
55046
578921
834419
524865
704480
14206
119126
574016
886942
568979
643589
337789
62124
219454
552251
539689
215415
62138
263056
682836
690513
661702
214967
300907
260346
55928
837818
90236
280738
517034
49409
852136
612306
400179
377000
316785
414385
12477
407153
817678
581455
567093
671818
643579
302898
224069
699619
518313
286206
479026
201148
493071
140727
932466
793977
917425
504745
148147
7660
785483
665180
573420
637618
277485
973599
530969
110622
904335
543446
34126
722012
641252
601218
910181
284830
420468
134249
500801
938780
936807
979826
656279
946229
120553
588744
256557
554329
93489
404703
561988
878971
69882
651759
516588
863719
625357
563908
490692
46043
107353
41169
284406
264957
158738
194587
66138
579205
328835
566938
517984
781993
546764
174262
728221
667316
279358
984778
221644
372846
389480
299983
768168
975714
951741
284755
355784
93450
848662
362827
139492
472367
403995
423898
737323
562732
618484
803460
141937
463670
370398
176272
245663
917161
350534
973883
100828
629891
475012
838823
519088
380844
138805
287255
356557
90545
88361
228692
700346
453374
591518
839838
442092
995512
780087
179414
74595
398570
499226
216531
378591
385975
392803
624253
819487
259688
114488
436666
405930
589499
275488
441369
970342
414292
728623
843250
21188
333335
71941
237886
786708
663458
77723
228800
175321
374161
924565
249916
772730
423790
982798
667672
326116
891952
291925
145602
667991
922764
582267
590272
28614
374106
31640
515308
304749
276614
358557
842289
609948
946850
80174
396656
126659
674248
141807
301980
48408
66371
68247
821137
6513
567396
5160
332628
459348
297084
994582
643690
736199
93200
233962
764813
467306
265601
280120
772054
58567
155028
614342
668514
618229
694515
581521
744888
368762
723327
563219
417169
789698
147817
754657
312562
715212
759817
161541
690911
573252
156122
334601
309451
249322
84914
590615
232979
866866
387086
5032
925432
58465
135726
593946
676694
830240
175466
421581
715354
415145
501151
648874
204842
648967
919883
33755
880530
679699
195295
87793
769302
351417
422393
595104
117090
23658
185718
866420
890523
89155
871451
815955
147620
523528
926252
824313
870120
618069
762245
585473
33213
779747
750698
754406
945065
670580
788160
825594
350278
983455
913386
635932
851223
852130
231035
484664
875787
933105
351083
766310
22259
738885
98616
169878
262413
24867
510542
132532
159287
789138
234356
192500
568884
985053
946905
513948
655633
251417
855894
522262
751223
769279
158193
602445
137761
905580
603460
13547
838684
954542
296208
377294
693426
394823
63524
472190
936041
574065
604721
95328
363203
839076
287827
448438
340481
751083
962386
996113
2499
818279
518374
270073
103909
192919
872517
241669
98498
992328
771568
937181
946869
67775
830826
156647
462598
894349
145188
398638
468414
749909
10317
347968
105336
298143
312757
445816
565578
791494
958280
84428
126124
993006
354501
230033
185924
743369
988053
800773
735697
759620
254305
198917
827395
85130
871915
806344
979479
17103
204981
964244
283363
731650
828563
388698
29792
141319
350866
111721
932813
825497
196149
58936
818502
550649
805320
520777
810369
793373
321549
546065
69344
92205
744982
896738
177335
133248
703081
673165
150350
424414
637408
433712
156063
982322
338762
702206
123640
205979
813927
572804
31475
526427
148092
366329
593427
953411
887105
403795
263135
725006
949860
332479
333562
211193
745568
27248
344440
448649
700412
11142
389414
854171
961205
61828
836492
816318
764033
476484
22296
94311
565639
570123
620737
713730
452803
214163
183493
339907
617958
962979
581264
84169
295457
431178
295361
557377
458425
156152
522377
675189
167293
911790
529359
128498
973617
882203
461167
254001
875038
483463
348312
440676
569937
485400
670758
22739
699563
854250
878997
833872
817228
976613
918040
629037
407790
729752
186413
866214
885903
708789
57754
569548
136930
587113
214397
626898
985667
675563
880898
860704
675377
745561
817731
245313
230961
488488
784403
930523
342737
663400
764394
676317
640012
198785
305353
564153
928536
8117
430366
330790
233257
488120
416689
370186
591584
631085
513435
93602
823000
394332
954305
498376
139893
772035
260041
370853
776875
44443
817727
119611
224194
98472
795927
864205
297256
617631
428357
742143
625747
375075
589284
859003
379546
522325
745540
487481
153409
258974
581082
492760
169658
51738
507488
825902
340124
767528
196754
116998
328322
530832
752961
552516
629303
548887
933072
442910
682870
877781
701404
308616
252855
807039
683971
148752
329363
945862
152584
482772
204836
733665
491883
890845
785402
999370
716746
641877
283249
913499
758875
127923
444330
511835
680438
589984
577073
129861
32893
259942
7641
250648
84910
776847
57686
285232
925598
387049
231093
78181
386172
952280
328197
878054
843124
629950
877424
559869
271827
677024
989719
547053
804946
950400
58887
1735
540383
152311
131596
89627
928605
139236
340274
529866
916083
397960
815097
358032
785008
562541
952565
171179
514821
280761
565584
874296
427063
959359
434165
698889
636383
940235
762293
957680
406987
337531
959415
947369
489841
607362
553348
934797
746597
409973
464662
179031
807932
279758
53415
109291
358651
5979
796821
873471
803091
362405
264118
230153
321763
698282
445393
474497
154869
724037
432177
561855
61567
391591
25575
551408
998952
578922
486204
261900
988895
467218
957283
313178
263327
527049
938821
621977
49379
735641
11799
368821
98045
275917
115326
936160
490550
560718
410656
645418
284755
842832
723624
862673
750774
749199
414080
266077
844472
416636
44329
349718
400205
517963
662896
663531
45011
118068
285508
610741
853708
297306
979561
468105
573222
94886
920616
580124
171956
331271
225541
973062
690455
465517
835734
957580
214715
766166
223657
575538
699153
784337
925256
99357
302299
104503
762887
863661
222570
48394
990753
592629
862052
970313
577085
951625
65199
497700
531748
753506
345323
273641
726567
35777
739157
78652
993356
470223
844817
733364
45760
60321
34052
487367
159677
852702
108221
922564
716362
847142
487309
707114
439771
865712
193779
16855
817337
775329
514555
865436
528834
376229
655428
771752
412005
910936
850403
921712
381158
211572
171428
943270
271892
205479
946988
431569
58181
55209
870484
290894
902350
357792
514360
858472
739856
708138
391679
73544
483466
422585
938979
12299
798813
110759
300402
210817
21694
150804
648880
919204
878727
820307
862473
150619
542138
325812
98539
600318
381020
969022
407563
799722
843165
921922
174545
583020
630059
566223
656563
629876
988807
111894
158526
787619
222652
458927
514787
760697
126083
163667
679900
4809
500325
542372
155427
42462
384536
770317
159131
281907
739338
566694
81628
98855
4967
772525
198226
151378
338747
371141
781253
327554
483034
939779
115172
222037
398705
146311
982733
41139
309977
662633
45948
326653
721356
717726
885467
105891
488043
44597
904150
743732
127642
985777
842586
648961
274653
557164
800338
613400
928304
581590
940953
927689
37720
572476
149725
952777
718786
648809
993915
545114
827793
556214
388119
65501
273940
273585
171391
278334
318181
591892
538417
962175
577669
897355
611135
368673
454518
927824
982072
382821
509413
439376
310509
63485
528204
976585
16261
763341
141745
526527
308455
485890
82741
696573
551390
873032
486509
239132
151365
804689
831024
689781
283215
925044
103487
410701
293716
558004
338524
275788
457176
364289
715163
767684
427773
759718
260620
960385
523059
918717
3263
347865
404606
86003
560789
955995
959034
47297
195126
626750
368337
542501
832883
651552
467544
936369
62252
761260
10725
917128
553399
467900
281416
784913
751936
225540
544631
528907
185924
67689
447623
189186
415553
368580
791541
492693
324574
266926
539989
36052
410028
908325
578552
242910
76228
46096
695630
138480
323707
706354
571959
877105
690606
853374
662017
442541
78913
206647
971447
781188
790687
419070
486725
722591
304001
794617
215283
628575
61543
755271
180978
471570
179948
275881
230831
256175
321976
442812
911006
162034
665518
482964
39138
356123
336337
217507
798663
931601
424153
286461
229140
731192
221882
232217
453782
525883
26833
669065
154457
88375
940687
851786
76296
120634
127666
823478
376809
965994
266290
287814
128027
448159
770778
683517
804281
623466
901023
119295
71419
841527
922107
300558
572718
143989
532774
26500
669871
559607
211916
340679
164333
152602
192464
756981
789588
836481
580458
166396
802474
363099
970561
446853
327609
741338
130369
648241
881156
547743
767535
952574
389269
689642
769483
478339
349982
818609
21190
19852
894567
233105
360530
58899
902058
69345
332231
691645
905825
912689
858040
224651
792139
828601
671503
119748
86290
318223
767988
967445
865965
51875
436370
771585
257868
205853
249923
607849
24461
271112
627700
919027
504216
504581
494277
922626
90277
826508
614270
512453
255548
988662
737103
564038
817262
924957
683785
419903
243179
968125
387348
625495
536351
340069
397080
794218
545921
163354
402066
86733
434466
546117
5759
455033
567049
16388
377658
173677
842895
991928
686129
614794
980589
939584
178831
314202
864540
862616
734104
624071
347092
637803
765917
883442
494224
162996
194011
40144
842702
112428
126877
277167
658544
648987
732199
741944
665374
626209
915620
24620
618136
118100
639413
115076
57683
818244
945629
922223
197211
196084
62645
60654
833887
828561
944095
844462
507909
138105
884605
350610
250532
527833
144128
425427
693172
876326
683722
874897
502534
115693
899517
637021
233792
55281
752096
291475
873524
214076
730049
587086
410160
792693
647739
760398
137605
108185
604859
645513
762641
5815
512474
529524
533648
656601
471302
743171
49279
155023
618067
68164
270715
33935
705185
20859
89216
973632
312333
479091
187708
42381
582529
597867
351425
746619
358264
489029
854804
479474
650894
133796
485288
679719
663320
535287
336320
134621
278457
901950
805996
412876
970113
593062
963162
675297
613920
52377
165281
926252
47820
352988
484984
630348
467206
836408
376966
341821
841789
748121
821294
9034
881917
306581
688752
545236
841868
541423
196208
636676
443372
518555
49551
413485
111617
12713
605133
725536
581441
770413
651788
145612
639752
653123
775959
106957
489531
669277
448777
847671
417397
270070
856704
815665
93003
545455
877252
934870
86878
589812
571545
530249
108366
137448
460085
219982
666512
65218
945518
247952
835630
113657
393564
475382
766779
685874
98690
772661
871502
547467
136683
805251
333888
993386
620915
426890
55193
498167
878111
658422
87978
966008
705022
196343
103455
165107
932677
286318
230324
878194
534269
582305
508202
444184
574038
274980
646410
672728
563993
517911
736546
700675
323161
586785
210413
460428
530027
265605
474946
408137
924026
79275
890496
629047
791969
510302
310505
724645
796619
57180
119190
330888
639485
627391
291423
729874
902371
937832
918953
982715
972095
655498
683389
295255
758635
410153
272034
288661
675757
746979
213149
599782
826253
103645
745181
618222
613946
55685
859218
410565
112865
978408
257804
268701
605798
549226
998574
24520
3410
917527
7234
491856
89376
206975
787110
364362
617127
575496
653022
809236
322474
382523
925369
665079
486167
670549
283300
616464
242586
142517
27028
355450
637276
801183
140502
243074
866761
139075
267593
386522
572953
791179
878377
178681
514505
665486
543042
647983
757333
712416
457218
79807
94938
382587
744885
97456
53135
544536
713919
295720
203404
257299
167521
840680
58481
308022
83753
925241
963449
867697
311762
52753
175227
190138
747785
689731
371976
807179
337714
129308
35946
311283
725466
130883
693869
470350
228338
263356
531237
458608
75427
734641
715906
242948
575320
774387
67321
175424
215979
547121
559472
44093
116226
734699
750582
864010
940781
122557
187540
794846
768217
223485
106129
10034
870719
799997
480384
615408
63352
527972
74016
655131
262612
306273
414430
354283
80659
481750
46058
812990
545223
605530
857082
661448
856580
124015
41809
313712
762924
745701
108558
531140
969185
731038
541173
839904
531034
537908
971663
110738
65880
45678
765868
844843
351951
696649
715478
948961
178398
761535
278302
239972
883416
651735
417771
256347
775750
459580
570059
538673
721632
194968
586164
690816
926005
643688
47071
973390
697948
535086
84127
280179
580763
366346
125021
449065
579346
840498
914378
274096
118385
192679
514067
1800
360766
931838
774499
136515
907769
344557
675187
629400
55876
777702
836567
981880
421389
399990
955269
119336
935075
555748
399514
32189
438445
40887
997606
17791
397736
911983
291886
516120
621013
322304
34272
981778
770493
808770
118292
678261
669678
309830
824012
725553
87531
176931
223784
25272
576920
695404
144607
28346
767503
60473
60534
722300
101359
58139
256442
499094
486473
548327
531566
107486
386982
565837
89263
157475
890958
723907
352087
76987
550088
176099
318891
637619
869381
542674
662890
446300
754429
323848
990997
521932
384320
51530
760583
2030
626021
17024
501124
112493
565350
549041
736330
468683
631229
825593
626157
522186
65851
978244
115524
615938
670694
434414
769908
540074
493439
949149
502725
247867
272997
493721
286150
173668
61602
46732
175698
203974
63755
193173
316467
145456
258565
52796
130491
889793
394740
756647
928330
976942
251242
43853
109232
921935
994618
879139
978360
488056
344640
997436
252274
133988
491156
54776
307655
69110
617859
999704
273083
197966
709228
105901
859773
967792
675049
990263
373936
586140
746910
302265
563082
514503
862469
672313
952790
857086
67803
931149
861493
412442
928585
630119
546429
936092
684894
854084
521553
819104
370139
794636
17069
595719
416888
876842
563510
91936
867104
453798
678076
130365
756062
241157
644868
618531
429821
597657
991968
497623
45157
853461
910065
490093
483579
456493
426185
684824
826928
947737
503927
713419
258724
520996
309137
675612
397837
388998
767547
781292
842795
961974
911657
115209
203130
72876
733739
149302
670532
725706
646925
232040
95518
73341
722133
579096
529833
148317
263919
873113
612405
767846
102883
387481
288841
928371
579444
203029
317368
863342
984320
676515
825316
412328
791723
28445
485203
41813
177747
672086
283870
341023
904126
379388
414363
626258
958483
460547
290926
738754
850011
419682
506599
952893
807162
311791
881263
386605
31171
714983
249947
15490
391497
75262
944170
699571
620058
429372
741383
314156
617810
25252
171530
521935
404639
585892
664544
879474
562791
471821
618227
412801
891502
641177
365694
698664
952967
763308
601620
500489
994642
367918
32330
386138
959531
976499
85708
95941
922223
343442
926448
540032
368694
97978
578318
773332
200221
242861
169157
763011
714681
787383
175812
122534
428559
57857
337549
897877
821164
939169
398365
332158
823438
430695
718295
782969
407193
320355
395261
845767
663796
321708
385798
548841
936037
480467
838525
136258
239679
7681
899268
470711
795064
591431
593245
739974
649287
930793
637851
986803
386313
552567
318960
209751
983261
553606
509071
906806
873960
904331
268924
54108
742390
654722
602948
678427
651540
441472
814684
891219
449153
713951
361929
760568
305382
471525
500541
471020
402318
654743
457822
304982
207310
293133
514732
706922
846739
540154
130079
237050
444484
399003
291157
186874
570076
410457
865300
221615
368280
196335
629185
817432
910285
991114
94351
732018
462638
594892
719390
381307
765986
177211
686289
489647
986696
717372
196569
833434
257526
842999
70483
218361
242001
877992
921586
328428
288448
303237
66395
656727
499571
695579
990511
926208
686692
84861
658225
665682
196104
893966
563340
478442
71177
249628
968088
574224
483352
681008
407657
257229
524007
994491
475589
282359
872482
397175
127139
677281
216763
193533
850360
716334
889111
357222
642541
92155
442082
817117
274188
154538
711083
837527
149331
298611
603507
117418
872834
603210
314778
796842
860438
838784
791332
336026
637494
180166
249552
280984
373798
466315
474516
224157
699000
879979
97730
341540
972133
56164
675008
762672
210701
386090
600198
360031
201052
720056
993800
73885
323265
308577
870726
183702
663712
178410
36080
817558
874927
801983
98541
765076
784649
573057
505585
483648
453035
603314
341539
941519
659477
16547
704190
870177
402636
820739
746559
603688
57147
256711
193924
380411
565287
581002
80465
745351
275763
632896
562908
150689
434878
661448
915764
219527
750856
421348
219526
720242
541014
561065
178112
200490
577611
398653
587019
496598
219392
849929
616637
276538
106639
810561
173300
188278
391562
253764
933628
183676
886659
12887
334364
837889
190686
766479
573767
457894
704179
793292
178135
245192
354356
872599
962033
448318
271251
549051
944916
6994
398980
561552
799883
21970
888464
973183
210247
796377
743298
660226
980052
146309
673112
830767
984197
380150
597246
557963
838043
817776
351254
532529
579319
221962
405127
541351
670279
192730
90402
131546
199723
5733
209450
999606
27702
97913
972788
237949
410642
716085
414526
390693
378745
87638
221460
362941
984139
335057
920903
822181
669184
788509
354709
248502
10470
276188
306204
197100
468917
912957
844998
668639
918689
54447
184596
462743
668711
673735
700691
595704
906172
631568
986397
284916
235557
724208
647857
219695
575616
85111
41875
244799
873619
912936
9652
400440
189123
315855
113892
174391
745164
958889
359381
663852
529687
543977
126594
714749
217711
343636
310453
123882
975204
813201
408798
727112
537408
56654
946807
629375
141764
505033
874173
531735
417968
400176
932174
123442
232382
562417
297832
977545
521305
657213
157749
567343
717541
800694
282092
935251
144330
108896
575485
635885
922096
984282
362996
975855
557287
826154
605229
215402
331187
995753
747136
265506
912280
195662
388948
144661
758078
203131
638558
795735
376695
796306
879429
94235
596999
677872
545838
257680
786767
121322
409916
225214
621955
289264
717420
179241
115417
839000
910994
446603
834752
174482
712109
263383
370143
617408
408044
644572
820538
46601
956658
713585
359258
836087
807819
956256
30310
870008
213936
817077
507681
623851
558642
129635
913114
276062
825227
544883
115061
736221
507837
466165
427054
219945
729547
313548
353704
653942
958119
690594
216894
431129
404178
576151
783567
728348
532407
813876
598356
262694
147304
106036
402896
222298
752023
316010
498359
93601
860892
129771
346173
368728
595935
773226
105025
841834
86773
975080
495775
561244
665673
229021
992372
69850
805171
292290
314550
853929
106165
429257
632974
769821
51644
35870
992118
803666
868231
6828
897267
245474
136598
759791
130553
248885
533017
751929
90718
619789
727009
102844
181032
909033
848216
689755
978883
169739
982044
809784
540019
604561
239040
172993
890733
290683
208862
882850
94349
593444
406029
507967
838917
542626
267757
485821
307862
800773
237750
398579
936914
964758
17775
634297
873790
865990
324052
369024
35728
822447
178807
92099
427007
934198
265091
317739
224881
990304
716940
835581
583747
639320
343547
939015
181946
127655
424835
6159
444780
662584
921090
898045
143693
938864
532341
533835
321205
856392
419210
873285
678839
114369
965383
622197
48566
746825
456288
273446
737128
173227
625378
837226
328899
968924
292592
27196
612931
717426
33354
574062
896362
954443
472106
556406
409658
4446
90240
730863
377190
25802
120499
572380
140170
602233
194576
705087
349057
650863
978533
602536
340442
603910
439761
669340
89186
732352
696535
218468
966129
246240
792529
862490
200683
264634
935248
610340
785431
541839
857554
162620
567640
494404
734999
224161
96636
445927
929248
962044
96789
424132
564579
953582
544393
520691
139273
633578
769394
352159
368397
735523
598399
677277
114364
799081
458262
49611
925772
243693
107802
299678
922664
675441
794081
657663
899602
407069
619941
828849
885464
716729
252980
450043
186663
797372
487085
325935
947302
256479
678094
832050
508353
276492
509327
622716
591924
967588
188679
34047
211280
296480
333724
650296
488272
644157
824310
387873
51225
444250
733073
936688
677330
986052
903082
863992
299776
390167
706279
763429
162997
900724
595478
671349
693567
104804
294064
285490
588744
999094
319536
316375
811925
169612
966670
300197
813768
790979
688069
864992
235228
421142
318031
912558
923545
737465
292901
739672
643983
999179
19452
806979
899902
614930
478327
593468
236085
288742
395309
341180
287836
231197
657555
99760
400808
624224
916308
214575
931555
604377
595918
166782
541870
430300
595691
981766
167764
888592
237790
811746
404122
257241
135076
820376
388522
613402
413843
140959
418496
325504
482138
222683
556700
656044
322442
957507
280268
238750
688433
728174
359478
284350
411307
417699
714649
6998
915816
882413
411941
153605
210510
332414
927198
345586
152789
315719
475339
82984
973029
893834
408487
455167
116516
481538
111210
955310
439044
907829
710411
127476
152354
586240
928177
563661
3938
642825
87010
919753
41589
15302
589710
252099
347715
516907
114036
500504
348977
589374
583487
322006
999560
508325
293524
116075
989862
921085
587736
945257
828914
298146
72732
981267
884385
517260
61279
404674
160084
148288
840779
201673
163589
946840
970123
511304
980098
600510
528159
329074
706235
627997
167431
705794
136321
460954
338221
642534
382039
925956
587790
727304
740454
176873
224922
141190
694132
286201
545864
370567
950840
902994
572239
114429
849833
58713
142084
829930
659222
186594
675355
365457
814590
842786
71250
467262
820091
925822
109795
718481
851778
213936
962136
108583
907160
187058
249772
601291
989610
311987
971857
940449
214980
60448
54877
64812
119160
713312
411093
294734
899905
86448
660190
230846
445585
247791
214459
782027
173613
840605
500508
541742
54540
462643
650324
961699
166052
416447
79341
155661
728434
567550
612462
943413
627997
183690
524577
263508
897002
452021
558241
313258
54820
734782
60456
500404
982573
274914
282431
672537
115519
299290
730630
686410
278284
380953
648109
444336
797399
243801
116348
42184
811350
728809
501949
955698
428851
26525
219206
325852
994897
293798
155461
49717
28580
215916
550120
11152
7182
348902
200040
122700
648191
930669
809109
926475
827973
973569
887162
141723
733722
519861
183907
545071
765022
685855
500769
193872
228731
236326
519723
223627
530123
191535
789695
558702
923803
339815
86205
930984
205068
802596
53683
853259
733264
379143
296085
77588
869064
699598
219311
602785
219458
919569
147855
984479
121775
164975
178350
350505
917652
214424
90483
964127
922311
880178
522828
846113
736344
125385
777096
457763
927980
347130
827373
177596
726272
123457
771535
595335
339406
990845
714471
558864
426765
378678
59694
548539
60004
754396
415395
977656
485171
505878
941782
407481
902407
980961
769945
155102
622697
547040
612864
67029
410521
440237
244624
653145
80045
532510
764831
419451
523355
479302
494666
466471
857979
554359
15010
917982
825106
430404
411989
310277
452633
353770
717757
871391
851083
4054
26492
473779
551093
155708
540807
477966
112296
301782
131110
192340
834292
895940
128142
873998
375241
622807
340468
233219
693518
871829
667553
518623
818585
79541
828899
271217
949663
63008
142608
800745
67061
685451
790875
134505
357510
331682
612470
469805
149815
743579
662145
984106
639519
306638
374455
531111
929445
231275
280682
139314
103103
948234
657936
921687
544126
3187
709256
10140
582546
368215
327236
165958
53665
118111
300462
411175
966144
429284
880979
115958
689214
59475
616416
845084
366113
507222
376195
811909
738496
173228
951222
841599
637813
609157
279637
181938
128695
988892
708430
711240
357106
35665
877197
927123
153775
694011
854649
636270
123294
251979
268580
328859
311454
401347
173943
193918
908568
66489
5826
647064
239716
473399
5014
877528
598907
284650
575817
727602
273542
284246
955193
630647
836263
832390
74121
506389
42752
928769
142659
166045
180748
927590
11255
492201
328936
185197
202470
237503
768037
724647
400918
7752
198045
405931
401631
796951
690581
977448
40904
480474
778045
996097
627472
614307
828486
701593
120696
387589
630361
779706
553633
811108
707295
81239
819660
36230
266436
538481
790084
550824
263127
707354
558576
977523
113284
476558
774474
320216
970357
815377
317041
748402
327825
944513
879060
672662
162457
999755
60250
792817
295812
130234
120277
3106
211473
456288
555687
994260
994769
345771
545083
774247
53124
620010
751770
682759
96568
42595
519327
66924
374323
836367
331677
702148
297231
210737
374809
459687
726843
435059
768856
22655
565292
889132
542112
776764
861771
97799
287375
372891
959921
832458
147138
13044
452467
415259
212154
65386
457853
731480
132310
832175
84199
980338
50674
381429
191074
425483
841116
434269
376893
609971
973275
942184
15454
515386
235300
393576
129536
522674
766467
89456
871483
429956
618851
323950
361566
831005
389335
819418
78836
37996
167944
163034
18334
218618
544463
725759
160452
901930
160027
537344
511900
133301
995879
43705
165039
231178
437280
294574
270204
720098
900382
141686
150053
519232
981987
511618
350236
887674
847387
945424
925669
531683
108457
460354
266652
169271
186113
427103
71200
346139
480798
99451
995792
476676
659507
677182
224206
96787
488107
10761
816884
388488
668798
483289
907720
650785
994906
774307
538458
358645
719730
980478
890327
344539
440832
156978
30161
143296
100432
101361
5786
581229
717163
1577
574256
376670
195110
314813
473456
683217
325573
806691
588056
994371
289979
12127
161507
801237
786434
216316
159881
22515
196793
566559
883405
153976
723536
913566
297271
340319
531278
303057
921547
248440
820985
12154
141461
16095
326967
614916
215663
652539
937959
320070
163261
227937
332197
324767
545525
118630
541082
705405
657496
254227
271963
57253
408202
511850
970818
221825
852168
502095
524881
290066
266886
862217
302220
408347
394663
145538
539614
126677
798076
477572
446747
477689
221861
778943
318807
767385
413924
859889
989142
587771
630467
777456
645023
555020
805658
615840
776844
174177
634286
818076
464243
901172
196645
282814
309518
591307
944703
849131
717984
259130
843055
164730
736818
64915
943672
55625
348651
873947
431865
337792
461717
62331
115248
106740
133702
437257
722579
426898
611433
873217
244973
592027
774388
957969
874840
600257
549276
819542
449387
783611
595024
808793
948340
331841
873707
408363
387465
738710
798661
335681
76501
260377
914363
708100
367116
48065
145356
606047
474962
756789
479263
236286
348815
770002
194255
740007
370258
259882
75900
335996
43492
670923
144789
508183
519116
534847
916545
422932
273556
231557
758613
866409
491933
672975
90860
375401
237391
236216
981447
712352
509356
977061
948638
374522
747062
659244
630880
117319
919125
223132
453314
962616
410406
114454
470798
929521
649301
903694
868805
922856
135250
627417
305616
143534
816743
396476
518934
54134
149043
16732
282837
174750
993792
747826
549271
257205
407069
696503
374523
326193
435986
344189
805160
846391
458642
792309
292264
107942
212354
161068
547150
863955
788484
369117
7489
121578
765592
42774
692063
914634
59506
974900
89383
569649
722725
155006
826854
646146
367860
201376
488690
803845
61916
293850
650235
520558
602510
458850
144851
814864
619917
692000
195170
924752
61117
202658
46330
343060
761784
738392
774046
821289
229643
379780
390937
468720
534785
734142
114865
418996
451870
603554
222840
513785
413755
389427
34342
532617
848276
179193
347480
984545
387544
59001
909296
965012
778011
471977
824424
539794
726721
598469
877434
956363
978248
784722
425082
29385
518864
539946
448380
970733
659852
187572
484517
73606
93350
35211
606222
457977
730755
470053
442521
118298
529054
351817
599662
823416
340145
424085
363209
66865
538905
240642
23228
517152
25363
964661
62888
544226
504607
27620
31310
680810
215191
515827
754415
824892
551037
876989
282868
798143
863393
725389
916440
908798
593557
32453
732213
933701
456537
95421
566
511793
852414
540145
28945
877777
504805
608184
938354
525763
635803
969664
206572
850993
1842
477339
675884
69230
354327
475104
867372
217719
200492
300163
126517
310400
332616
375081
760452
305504
470502
277369
817297
322915
817513
362593
717043
838670
970776
171749
364432
606579
657764
571004
973923
659605
48342
166159
245186
919020
641262
628909
653090
358105
929071
295958
184856
778038
671039
945307
83542
141540
222676
417190
980806
556540
296134
214201
395209
783261
385949
759641
906191
43712
846996
880114
219668
411689
562624
464853
330708
720237
610113
500149
594693
539183
796107
779548
317221
467145
241206
917114
125036
463881
850655
622193
536773
146788
836393
931981
930048
738693
207973
836239
298756
571320
232704
518423
983008
311679
499627
830067
548267
109739
330216
142959
165274
642674
922506
482494
109818
680063
915959
234853
143944
766613
373397
197068
429752
209790
129048
876151
464834
853373
228741
763590
424692
977796
282012
924052
289474
297991
754118
837740
407729
600685
980698
573002
243358
419555
571847
353175
99618
4157
104379
759913
287121
994128
956980
716872
203917
602379
593023
668750
455751
338115
432339
396795
315911
230703
320846
605384
528693
74963
959476
452773
192000
456525
542127
435357
392432
630325
304884
8401
634482
925614
284665
921602
919741
241644
638474
640009
360374
747848
825111
332477
602314
773801
729271
918224
4503
50116
39960
49547
125078
999435
18672
317077
972311
560798
268786
364742
191122
573669
373142
825603
15634
657806
263557
935375
415801
418382
575383
776175
682581
400493
625003
284894
690646
354273
203118
695148
404388
243077
261047
45817
758863
279718
879246
247525
356867
148031
612267
547988
238051
501760
889943
253684
159566
669851
705410
91718
88232
280793
384244
770812
197637
9246
55705
888282
363518
775174
99782
284257
534602
360828
330074
809816
156897
209319
57341
513763
873701
669607
578102
628103
171366
984396
881786
847283
654246
587196
455353
742477
384340
839596
29640
98328
365194
601697
986610
728711
376870
602743
529320
911472
479922
859393
721287
636818
585063
778627
666932
975115
964585
245033
603217
652303
745781
1354
499585
400026
104901
471289
658855
489240
310885
688494
587568
676078
806542
90529
921140
183412
693271
450459
611235
173192
826203
332521
326361
927617
627500
993292
902731
108436
754676
22299
760738
500456
23653
776675
416834
128553
247963
592040
134145
558847
796885
238064
751276
603427
844944
188768
786838
538214
155578
398072
227757
498133
246944
70469
425749
390795
580112
328480
499231
851139
350778
259968
867947
890782
36642
284780
535687
284605
876819
669831
359803
673703
424246
627431
277129
269189
816198
580318
323754
488127
494741
67862
986259
258037
138330
412008
648831
718441
256839
664413
569579
123968
924381
437525
14750
477374
238656
66788
761978
631826
736618
638133
305529
677215
265563
99009
946403
598112
195679
270156
86238
690419
338017
72497
948455
992698
856
113638
711138
774046
778050
797068
898013
702430
750945
429114
696156
989600
495901
974485
621426
748870
612617
443306
426084
394531
542314
372486
992642
737992
158993
78880
944763
497009
667728
893217
489706
184935
6854
717195
958980
784904
514263
856992
3685
781559
802458
699840
771158
298358
674325
392583
563580
803293
352240
989663
197824
894554
878501
706817
148897
37493
785696
93659
50854
969775
503228
56911
154709
26433
774106
630040
811336
804720
487032
331373
586278
805841
547564
873787
104198
221888
782722
184129
541533
134961
173792
739356
545866
52292
446172
211115
606136
748220
304773
656989
234346
324352
230252
905407
350785
520709
535446
678472
841780
538829
9844
944409
344669
73760
818195
965219
811999
600916
149347
353531
252229
839490
609238
798094
891781
55410
9208
14269
319981
830333
187609
70678
154684
417860
976084
21820
938568
511530
700292
780347
566710
226487
724755
911379
300246
59302
876597
628597
176569
542295
982127
428797
381785
591365
743243
789917
163126
752450
804185
999458
99134
991794
70135
770170
409653
46219
791989
864573
74100
8632
161271
640809
751471
402378
68539
568068
461679
461487
196664
154599
3782
178791
583396
901918
286507
842990
691834
449632
111791
496019
449089
210925
4164
35575
981094
930168
598145
289434
311092
672244
814418
472363
829405
565888
874740
414295
133955
852770
875782
846971
7368
395915
25761
107115
297832
828619
950104
506017
278250
61895
518387
243690
789171
522550
795616
286616
452718
393761
576049
763809
582356
390466
752523
411760
472705
143614
342407
123012
996383
734540
969982
520103
130454
512094
627217
944637
340712
93673
450653
135313
155567
969040
895354
944737
7941
690969
231352
977010
84729
323752
257171
183437
230570
9693
595196
703274
153307
453954
342637
666041
188493
312618
186143
835298
824711
329712
779934
681774
423384
746939
333438
578950
232330
228791
40038
756622
436112
787741
733632
37192
111492
990802
220628
342061
516846
332176
561687
186504
786129
904323
852545
490974
733293
555039
326271
74355
884750
622557
756129
308133
369495
605918
887082
118176
834709
443471
874797
787172
231211
608428
824363
342703
115581
561343
201115
148779
893518
279153
335282
195998
699828
187826
686971
433120
742865
13242
507474
627614
635798
779954
935747
521644
385872
339180
639819
736932
782651
30967
524103
13861
155747
864817
872915
787679
426159
74030
936457
836028
869534
271739
32026
569361
975916
235348
2480
718780
764941
26306
862746
400738
322611
314844
438733
708482
170375
594903
961765
953025
625870
2219
483238
297968
867036
356152
85646
809546
946533
22103
645574
816067
293841
193951
385427
269756
429298
904259
504888
710591
930564
883985
111328
253174
198828
66413
478008
369202
661315
439772
838579
803536
958343
321816
101503
825378
194319
703501
151275
140852
725603
313200
473270
535795
507150
375048
805550
452800
279306
826789
163390
726221
710773
791069
495747
425952
857481
490106
311506
35148
446229
666436
355035
404571
988251
456538
746300
698921
160038
897575
356124
401992
210774
829393
937786
234276
720793
259687
687075
516450
86476
366816
242671
313600
157884
254769
255904
531717
744874
83761
83216
191102
750196
438250
112025
254798
411139
858324
953718
571176
755898
309842
973167
483024
655586
427304
717299
376378
686991
404373
892828
289818
287540
651850
119769
445423
422970
375672
493491
167843
975784
93058
875296
725979
531308
987320
980776
942446
361996
934494
29974
117893
760687
519492
600916
416272
946796
318214
309002
633786
238938
718181
439955
526477
886382
559723
488252
309351
451747
498094
993545
427530
591152
385192
669861
122459
888864
650636
581256
250859
101481
611229
885103
378519
130721
2371
794791
593868
320584
620144
227653
75874
338324
183959
118702
741057
743681
606953
50407
711779
621399
560303
655661
212550
945494
325521
851360
350709
492508
432615
601567
110341
560196
486670
488859
690916
489040
800001
284783
325975
420144
28787
918200
274819
729097
36902
15875
989129
160206
582633
700908
781604
142935
872920
510505
604781
714792
361864
471841
207299
310831
73408
833991
871026
76429
322850
78293
81820
122850
879427
924146
59346
424565
358698
334164
153661
395599
866391
142789
555804
449023
360048
853760
108310
232967
364264
229442
947758
726128
701282
671409
553310
291041
505399
424335
883821
828248
18979
481992
467450
898405
406138
526795
322969
764835
860958
476629
676785
727348
135769
748940
692723
495817
602699
317384
728783
966963
546825
192893
209442
764458
864301
762751
55499
886051
703437
939319
714299
722415
421311
181748
620819
343800
224894
460139
624986
85851
453119
301770
329551
588887
50709
538625
601055
169760
856008
846190
136722
919184
39082
346163
683641
419734
625265
739139
305784
328701
194810
536434
51115
132472
234533
188285
476271
459426
164775
617608
61629
134245
435729
907531
239483
2789
446155
840538
172548
818514
686727
825621
737697
242160
171783
421337
178245
313399
160476
484028
642099
871637
536814
209565
4108
771346
914201
996730
230772
595327
614337
292400
729571
566417
199930
969054
569205
162436
325943
741753
980949
12669
567373
718645
771180
255508
139981
949424
85258
816808
949803
727357
688444
486616
453273
208903
257962
883826
205632
488733
479152
336320
297484
725075
902736
497413
694128
988293
176200
20070
730045
157148
549090
813769
875792
836621
585628
532124
302396
670886
865284
252198
914594
70079
255166
884218
278982
513127
768043
965
518211
763547
853637
332046
488621
756372
829458
699100
261016
522009
235521
991060
679156
300962
321181
71299
137582
423160
119774
439977
94045
985057
208526
8638
55136
463691
892856
850469
493169
177250
367785
11379
940796
221421
859776
945768
494145
205585
644867
755160
727593
396739
746220
406748
697700
583752
478046
351633
6911
597820
791609
617308
99228
135
142297
670715
980177
551504
521183
473346
728754
888968
1076
185901
110388
860852
131669
604532
66436
292887
359692
794029
689626
622263
717128
903677
722366
195174
255310
245628
309345
563270
862935
924924
79756
5232
595639
59933
556735
116821
49630
801840
522140
50705
987741
148880
427908
635761
269763
494344
444999
629454
804724
134624
768068
521851
554653
6785
233376
326314
252413
59072
889583
115347
983996
969339
636930
95986
545623
710017
212806
111604
511856
251298
162308
15948
400177
106568
168060
669939
117263
613059
815745
921986
264034
100164
960188
818686
106949
709916
144999
359361
768987
550934
991059
269334
36624
144341
365319
582246
854357
94477
210201
882564
345774
372508
414864
262302
995427
582923
932240
112689
195981
264336
551026
976367
364500
511214
795052
987800
221129
456403
863512
506467
7336
854570
775801
560311
515262
141119
658908
369618
751947
869108
768534
97720
757967
183397
360021
753394
282671
808613
866082
995004
589300
417108
971370
953799
444673
282773
457950
665801
739175
321461
688619
262862
692383
464419
823172
207644
121890
482079
93614
390188
867538
862147
487908
625505
561895
364280
378898
844565
689244
244979
839568
278544
178438
327289
748694
623110
610062
206644
805262
865588
528104
10233
128450
220486
991003
467973
944482
629244
466404
38095
19432
333941
416593
23691
959445
978487
387970
854694
339403
593566
616025
695323
388461
794462
22611
137154
933924
149024
860149
255537
14612
388253
265769
659413
125090
256772
127385
69571
886015
110140
624017
421798
960433
40609
445488
436229
535447
349810
290923
874850
943375
906947
86524
331835
217760
109134
985340
668035
258158
845489
923572
272769
750093
705692
932181
391534
478815
575917
977457
881182
202409
601473
302979
162841
158434
748467
599069
693880
98276
889991
85081
558002
313289
171604
406188
531049
797090
907879
199083
55247
753367
639006
844367
19811
861050
292899
411345
339864
385167
388801
221045
587575
506625
40376
266767
665058
788842
865836
358938
403469
272178
960370
961470
101819
131974
884009
632867
929063
791887
348301
500661
61606
503659
861379
81416
364708
670629
492760
220923
55795
397912
958320
159722
904537
998695
426488
85946
303888
808675
444883
707356
80853
921605
185177
182671
53578
69185
331889
498992
377423
196541
999652
439028
216551
377382
520444
581258
48010
529555
318533
620156
443819
276852
779877
864707
275546
722717
950652
95785
531391
911887
803140
128595
833491
504668
827617
887068
90204
159505
386059
467626
872398
902062
423006
88948
795795
459801
186558
843804
505707
505090
463959
949525
298293
760188
814231
90190
482904
281235
185974
530646
193121
505465
659241
26611
10132
486857
913678
616687
162714
816088
600664
551463
234501
23669
640410
30295
999821
343319
390450
505528
364760
854408
455052
663052
130947
785635
753241
613850
66869
939214
144496
776341
961030
320088
802951
971161
806944
232980
104199
486009
565419
704863
37471
799919
244883
677881
346565
244704
537551
737014
750231
902311
107773
721634
81714
755072
23620
351307
885273
606840
806872
29768
383180
767902
866207
186130
255414
673151
935461
359613
159159
500879
580827
196630
817149
825709
390862
163713
586764
444764
417078
853346
863426
41203
574980
945140
796274
114951
812798
681546
721791
619669
227666
621322
387570
93872
323804
642984
283374
259264
2596
958885
760143
99774
155514
577291
925482
62727
257356
28598
23842
674433
881943
887268
231987
973274
348759
28260
88225
161556
226158
326367
781224
970175
947688
168794
64046
787843
328129
863772
47107
847076
822656
807249
946849
494521
900891
388682
557247
158246
417279
581088
349031
299222
984707
581017
272495
333465
125629
360719
495020
351786
203437
276244
838312
667477
961389
418709
455319
289517
282480
502425
136592
105135
826025
599792
116007
726916
988473
673253
885161
405752
770693
750543
704973
271751
331560
977467
605216
457188
854538
100235
325325
57974
892830
163636
725450
854218
582344
697121
143734
864824
199545
796677
486310
25570
396468
602317
268837
384941
791921
670349
790692
78965
420892
12016
350716
752451
505834
472283
725990
876723
572517
51314
451049
465347
214949
692850
319564
313644
389970
979650
694819
589515
776326
181129
131436
689146
299797
916624
74086
608069
586972
381129
203386
524215
909496
554101
276665
415329
26383
519006
808404
115251
570319
259452
96949
301619
952301
416513
615263
342271
912514
310081
448137
205191
7561
95924
894336
823709
12547
968421
431778
115870
865901
151515
640085
775396
221967
433101
707077
764701
952107
515480
879951
38777
291283
976900
340396
243583
909764
472010
102205
822277
298442
66693
27467
306003
162616
921803
646063
691514
406575
594192
323736
272476
745706
480172
564223
967672
429624
787651
732372
898082
303130
612323
936859
594412
105574
793606
354347
15337
265615
456551
353965
564056
39596
897783
386410
718563
335937
32473
926429
742512
626664
250164
531339
372370
246687
611913
340041
676310
399564
72413
574392
219045
201087
27602
329809
306660
821207
684155
838348
86821
657057
708664
650876
213004
606446
37286
931567
458735
69758
857995
717598
212773
624510
765288
585142
871196
377200
925183
547505
293115
513947
638248
512160
715033
665849
358320
538044
487055
558826
892743
90227
215882
601406
257455
428886
724203
811092
876804
182937
880849
734798
900534
609973
359307
665821
195115
230502
559373
636649
294358
852487
666947
448958
880998
898331
631158
239317
436374
634565
798142
845468
724791
530376
446873
982245
475613
171075
793336
352416
870364
190536
87213
770897
800509
962871
953070
511975
193372
512442
148623
4081
881280
331921
969390
762278
230251
600548
517946
666624
235112
832440
512091
476254
362815
475315
458499
838427
162741
768186
707194
33104
475074
794406
320353
791934
273628
273422
303908
983351
302215
968882
987431
183494
300802
956821
462123
47404
73720
980069
230379
308831
812508
258821
785084
691674
734135
759934
530100
413227
44472
753645
446331
35897
64402
283035
827830
338029
72808
648089
321379
375022
133322
825161
74867
950475
781981
536990
997878
372052
517058
228256
680882
845917
487076
982318
537590
221210
258603
584041
150788
819426
337685
597118
855322
402086
396504
683151
740114
469311
847591
61492
844332
980912
886652
919199
931386
184985
972540
445615
73388
489597
673870
754270
335513
160945
252939
873102
898506
27893
457142
49294
847319
311178
162763
702640
713263
559267
902143
969728
28577
749733
31219
389261
730645
434222
824811
178382
135558
797350
623997
208946
803298
297866
479567
655162
975163
248857
44615
390020
276749
18108
439313
640419
329285
118428
859411
42547
194046
761553
12274
222622
511285
559844
128234
758281
510417
469396
453015
645975
783097
77011
371272
586394
891228
367190
757907
382742
616046
802521
772762
409146
820628
728426
565917
149912
363205
425327
192458
557250
186879
721083
296224
214515
280926
940809
489148
791343
410205
942162
953669
193301
535524
841292
296047
943103
208481
53953
325845
340878
856474
614958
266375
677101
859735
832291
343365
222940
257617
535822
296541
960847
773257
592764
175362
54182
533573
664509
361876
460129
606670
831896
169781
658545
189539
465827
601647
398019
36132
443843
255248
892605
575152
37975
86057
434887
870265
429421
174178
644234
481595
470718
605080
254851
579834
780441
825384
629758
961301
703612
89886
84322
535507
259666
742866
725046
241845
860865
639416
277976
304707
411016
170580
396211
448990
772988
831097
835606
718761
521626
479839
200355
508695
84919
971557
604880
381711
796940
234637
859364
16903
840874
943685
552410
616892
202903
793807
858736
63767
949574
136711
884825
876941
823642
281035
842282
112981
628483
677888
831741
666460
674078
32095
175155
275348
520003
780034
657059
833295
531023
32774
850197
371896
976458
918958
988787
695712
229116
847522
759478
178690
500584
160655
571982
840577
958041
414264
953558
586524
608503
785298
252983
282580
333745
944489
557928
853747
240875
731338
203393
771897
764111
53590
143792
256920
972547
648931
952632
201663
12804
228461
896704
29740
389115
468685
870316
347156
399300
823873
450031
7802
125523
219365
290382
459267
163854
364661
829365
404728
95998
32758
176624
860108
86347
836767
117027
575245
2049
586010
776907
531205
814471
189962
560944
203585
174999
431259
67092
574298
771484
517122
98452
897006
736487
905185
356272
416692
269845
185636
821419
365842
734745
514394
742301
821091
867512
375679
396336
869561
961689
689594
400765
776159
395908
961708
496095
570906
909318
563187
661555
680801
596660
760006
94158
333146
665190
450429
266189
935034
152417
87607
817227
887161
118352
559527
224604
985864
935206
137291
855424
896894
343236
772540
673052
739143
250599
169146
310048
676268
248684
971603
873421
845344
247960
967578
694841
913150
934359
961030
364535
86775
48636
181762
490287
166988
741288
231242
669203
192845
368532
524626
89738
228120
813517
279141
967262
64115
448287
793662
740382
213322
765264
613802
58665
529575
97732
753506
959076
32090
714535
323611
118864
279522
21724
125502
962861
279363
873096
632063
472208
757979
673040
78297
986098
486556
357438
953360
67022
322076
747021
323756
535397
28636
453909
594062
558210
551640
863919
33638
583729
578453
357248
218944
374326
895323
860798
853539
174685
733893
485601
163244
491871
674993
241541
994321
677900
598978
947680
261274
921053
211052
101381
456449
756039
555289
566862
830600
623281
430780
864237
723361
525584
737836
458657
899910
633158
319454
269800
324195
569698
755400
487438
61568
946744
245330
572240
624644
360659
36271
402269
281711
247322
503649
254512
519712
58937
821373
350312
198569
768505
214548
921930
294088
468736
380586
710349
101893
700039
980148
942439
786088
251900
946229
364007
198643
191558
936247
339638
552217
972517
741906
350279
219839
761906
121142
255902
820843
942515
606213
535763
227371
337113
457692
521458
805848
354629
748159
424092
54667
728306
366531
357106
496557
829111
721113
211552
537020
657359
67541
605588
629875
325799
955867
366065
87704
77008
621967
424898
535874
228179
960661
763244
81643
934704
801054
887490
289333
65564
827934
860351
310221
710816
217457
806778
539926
938569
534681
593297
595927
602221
198885
225801
928019
154751
591866
532075
748110
213832
956972
800336
958362
433984
79931
40005
368688
880984
443846
658020
946547
788131
518370
256768
498946
735826
579897
555223
190746
114577
148520
786672
716797
347404
528825
161168
18506
637042
693242
282967
367225
650213
83302
325586
600549
163233
881942
969236
560568
842140
143607
23467
630270
661976
796586
645568
914154
892834
717142
621251
7410
865661
407923
240558
729416
936747
401725
264273
573788
611318
547240
941012
777883
146893
782949
378431
826477
181243
347666
903397
539734
491272
443215
686355
669599
239800
331922
100104
132633
565416
721355
656394
431076
129277
896951
676844
582375
815028
457468
672514
426345
4707
129877
204227
667952
429177
582657
10780
126771
446674
914176
666504
937945
873742
352859
123896
113541
201132
223999
762525
766547
945353
418918
713975
590981
832221
907170
689707
647248
364637
878572
589944
885696
524800
794171
553647
470329
893179
80778
597099
339853
511306
263603
794149
385047
132813
918044
498588
333944
142043
777464
616843
603747
712734
847169
711080
544954
754338
917138
708553
118974
795710
298496
4669
836861
609018
74667
307189
502197
155445
904288
358401
666750
684242
152549
51796
817054
70593
66735
667349
728987
360551
800543
849085
73284
647711
560164
134589
402048
477302
359493
521022
789363
174340
42042
626223
783358
633061
449764
801906
788505
870403
160306
971606
554644
829206
539753
888049
899798
122840
71749
145136
483390
872292
994221
73025
36354
70736
207613
438402
64389
83457
475775
370103
257796
34168
512678
557505
667228
962441
875762
972084
832843
36067
943689
903838
865273
999794
308238
281422
122633
379986
942910
122374
768629
453482
195398
804983
524217
919362
759736
104958
2818
751862
475060
776965
786029
987737
334470
453257
950177
210231
941692
299371
762650
401733
719560
144274
401526
27797
942047
524158
924135
884956
646531
692763
338437
358280
14097
379006
277641
290184
483963
796810
42045
959022
573774
344426
946759
424595
314034
413287
634826
255725
229010
913827
657457
948569
58100
58982
492718
516498
99491
416852
401454
262373
625966
256242
620652
156415
635247
414644
446598
119209
211453
488643
78231
785227
349420
541341
209821
663453
470979
360998
919177
699988
274824
576634
164909
849275
151967
657626
882125
767810
74477
283578
30182
700442
56171
167186
856856
691418
98181
819806
326978
309634
824800
405208
611212
174219
462900
337384
837671
933879
698382
273199
150218
489557
366184
315126
855184
518151
972751
737308
802312
563579
537237
348845
780373
593407
516030
637228
801176
614211
973385
128154
440196
798184
533361
567759
972402
512613
905142
326424
962843
119875
599623
113060
