714243
169318
549559
269215
243979
615569
843330
530137
878369
690451
683152
303363
151057
353679
872136
146364
654836
33382
293909
661399
548254
197982
463158
197532
634803
898242
776581
987666
443627
875757
29187
157870
45075
95097
943436
805405
227017
303117
851893
105386
509920
535044
925100
660976
405075
313588
323691
59910
346969
617600
237660
411574
331933
217169
125458
483087
115410
418390
470752
75389
294146
16291
749610
855572
111387
209397
660976
854756
28866
512868
960141
538785
564264
885240
716112
485690
198827
556154
545599
62147
690105
299610
990073
538389
516778
631882
21476
148540
50271
8579
223928
860768
541221
489889
716340
168960
699285
377315
23715
728150
406535
500207
783286
487150
385446
15749
972839
100625
571903
34789
679123
778359
334398
185547
316748
367527
817428
854575
516066
867698
863153
256345
244818
404374
262585
961157
89685
478222
854823
113399
206371
777709
613605
506009
264858
515402
521757
754048
132378
610011
788836
327853
904722
639585
513399
221469
7112
330827
76043
39529
714876
455547
812226
959693
376272
74810
437201
465956
553031
808376
95706
275754
586084
709310
298114
850942
741064
336222
604989
873441
946233
910177
201293
367306
549761
714692
588774
73224
561870
181168
112753
793097
153066
441330
269142
529338
32491
706342
511645
101874
514717
607351
377627
100801
833012
192092
468094
574075
528313
589434
447516
990897
15962
165160
358202
565723
396203
946975
155298
474424
644494
784402
267521
797560
225731
536662
843249
258222
243003
354893
876447
274072
478595
770425
891224
311607
962516
359317
885681
490828
465102
849548
998077
481064
531060
356278
563138
927262
819605
718435
918038
464098
502837
185558
778009
728567
722219
621257
503140
481573
492502
379586
755644
971096
666362
646867
282702
628877
522535
684735
636057
987637
50634
634133
985052
581693
990410
548189
25307
810014
266623
943344
790464
769459
645253
568472
14378
367471
706081
33869
365395
198582
929807
637391
169677
596168
800609
968731
741397
839496
169817
377453
343484
736802
11585
328535
834847
518346
876723
860153
844712
659697
319848
635175
945508
965100
719998
476237
848922
942430
510105
730668
141011
956263
368058
827040
552431
685019
312122
293827
524514
998290
187631
867997
735091
715567
196531
569937
233912
589605
946441
78623
765653
266288
230149
711160
747739
950147
187396
113012
408928
213853
843680
549939
170115
728089
893330
238897
413107
721803
49075
937620
720092
236705
321968
455182
952271
518498
25119
702535
624454
971559
781157
390107
754199
11306
101266
501937
477804
805014
131301
886731
18866
974980
953021
705332
219420
362702
944229
148879
84504
993303
86498
804595
746360
924818
776129
214982
959667
801247
917516
584121
289157
215025
974227
559707
226330
591844
577996
220485
913209
709296
623567
448426
200627
92940
153758
420046
455641
614338
568924
56497
607640
171774
377443
870351
96591
153571
601685
56257
471169
519200
156729
760326
734224
647307
836384
476905
239151
414379
213741
668711
123674
353660
117137
840652
446599
270894
260698
418591
885231
345973
475087
9222
34098
852530
395925
647040
522452
997609
219649
993621
516808
376377
270298
767384
23684
106681
760640
779186
521060
974381
447896
161085
328040
565032
1737
290990
352277
778786
709580
237507
124758
701019
763081
675208
553548
159005
322247
75999
156613
541895
585971
189772
434624
856268
473507
458307
479301
234147
753844
360
724879
201739
161444
52918
283123
679532
860259
635399
458317
569838
389258
583075
270856
152338
258282
340755
827694
96880
933106
500658
638775
519076
690429
73398
891696
680288
48056
370996
914434
801899
887707
155664
519989
565502
724933
803111
245034
585191
438510
703350
671380
827767
802776
942236
496456
577409
799342
324149
674289
732447
824806
313063
767875
31586
902812
175922
711873
467219
63269
142658
269117
950975
298321
789105
516476
539605
592216
277861
124795
547077
981211
796175
374843
783986
254762
871298
361395
54103
195446
552035
302902
536603
381449
587128
568188
284260
279401
796413
751478
342669
939070
536946
293643
753743
842402
326470
809699
434617
604331
934494
498045
101893
247020
872887
885878
501781
260536
763624
72235
972333
315658
891488
508935
697106
994967
593475
497717
274367
389887
765546
617035
845308
818843
427029
115402
661245
269851
925101
612213
874181
375946
110258
492425
622965
499496
378302
641097
276384
658278
713331
248716
490287
604819
274003
703745
599785
867477
717813
390504
773715
483359
7538
135374
818553
950919
767128
479797
220769
208580
92010
611301
584525
718619
103725
723841
218114
998378
364937
494497
173007
594619
259565
663294
715789
533567
883390
315574
917395
601202
222429
207461
600912
229966
859186
419465
697236
142665
415613
918004
351244
23974
529304
452120
742592
149380
175960
477058
147758
57248
487906
320764
651867
747470
984057
367655
797388
383798
199580
231134
985000
422008
954946
102263
168326
814132
521727
865561
956796
453692
299917
824392
477665
829220
276511
220257
978600
968823
697314
642709
26070
185219
963472
677936
449041
463881
561943
246428
847678
761522
993914
349029
699882
948859
451292
868207
762990
489370
250119
236138
943061
550035
576881
420726
895607
369743
640982
390558
338565
854647
33266
880987
556217
996737
75274
5257
460617
637216
768037
824647
915090
278302
173675
614971
227160
624966
483177
506502
114336
249647
258991
57396
799682
835871
478121
695288
205613
635454
85845
60530
490100
119110
941516
562669
115846
16789
84277
92815
654005
368665
917461
569094
646966
91135
700416
390478
232453
183592
896979
346788
433238
672321
920535
749271
508191
398656
444558
230155
550461
46754
290684
556913
165863
748551
119581
798061
765340
203857
407227
935696
88874
841039
21141
735839
932173
721556
642668
164625
421499
539646
27764
854736
728318
948299
120359
752860
863306
81268
983015
413766
128022
790050
970678
810236
538601
606610
124648
820292
326819
531874
755987
415692
372912
777127
667882
821437
498682
310550
502413
920180
366547
530177
291267
94865
994827
927977
847724
858132
9245
347090
788249
137266
653492
275279
947501
708444
881888
72149
528735
208706
120374
801073
140749
493286
94551
808631
831074
109584
635532
333486
546115
2078
380014
353733
613294
374840
281710
461018
749323
290954
324459
537572
944571
977950
812850
408423
686393
211089
480571
731479
936147
117297
532551
76895
126934
143453
401877
958007
253036
553760
807844
799150
555838
187858
152883
685483
79049
434592
662852
828372
241897
987311
882295
186467
481612
695144
594889
684357
422584
591812
415835
358730
709108
464738
951977
836041
608190
870205
310399
377578
423965
118242
176727
496154
306099
329609
181636
901500
280552
360840
729871
522448
348150
612165
708914
346113
823660
820155
30469
246243
411966
962656
121325
637425
943745
589653
473465
68286
459857
300215
445863
400173
418456
138942
412678
240907
468550
110666
142406
265454
471505
388628
787901
336006
792
13167
682118
340803
349673
228939
103397
761638
707946
224721
399062
168042
814373
388878
236327
790582
205444
198542
707106
623899
337483
119784
864805
322384
230449
523562
587837
218305
912189
892090
554310
912980
905256
236427
770134
254928
981717
873531
532917
689662
98251
448330
857703
428976
353559
610382
735909
559002
808923
443014
699252
662757
79149
564057
985140
309597
603970
89329
44253
516159
981418
598562
945490
403025
351341
715624
174304
333057
589154
223572
22719
203756
671901
396773
149083
541811
7154
401343
617164
332428
844357
316415
511536
439857
880471
13028
265806
793
102356
310058
516951
600125
908620
462440
3149
259960
694415
693804
593016
799920
917375
132086
3676
105627
45211
669110
163789
568716
70453
780952
417496
431161
97366
929031
871017
494189
942058
136822
494981
44413
446880
11931
160889
871851
990722
680389
131810
201489
374192
241177
1408
807918
889615
521435
429896
934825
190545
593684
19892
260997
374635
437387
208509
988353
366418
79525
482541
824827
216347
977521
385592
179578
505803
546480
51428
12876
226869
699589
214364
117412
940765
215772
441682
346731
737206
871577
281555
444102
981613
817799
221450
872599
255185
429958
860951
137954
509483
343491
962781
242181
837363
348372
938110
859517
411203
505889
388745
638071
205477
603108
271835
662593
335231
713516
9324
588789
585092
807230
32890
566704
625028
254340
439303
396565
200649
816605
534518
710131
676448
13650
468663
513810
878373
406772
889679
289576
912660
278423
927646
634488
397882
715832
297081
733113
429347
822756
838253
14439
629985
871142
97494
771365
641833
53148
167929
842482
869753
218798
68964
62552
232448
537627
576361
110820
460750
982391
400395
889762
777165
844393
524249
175047
560224
337681
908159
505923
160436
262763
520361
306773
133904
134206
78137
292089
703706
762417
134570
89810
981214
719885
152361
213661
773863
245073
840833
234613
227464
757579
640726
4628
118323
164974
696026
194899
19007
120536
700821
695794
383298
737533
2566
517202
871738
80702
325642
91795
843118
976563
181604
340684
696447
850316
554344
470310
95389
911528
221274
839204
669107
861999
360183
303781
26972
56209
498679
562330
176744
199499
258124
76394
937031
260689
593595
325121
857743
435588
416915
217212
412150
114871
557895
108596
481538
112239
578905
93278
540118
800178
932481
725576
178528
809016
29357
205500
381576
528035
284181
74671
243886
542304
151064
180916
319345
744658
22388
177087
180245
955655
394298
108746
586877
952193
217342
68414
580783
312598
161692
637252
629128
610524
362828
807655
419539
908536
529506
801114
436570
813687
875785
196807
872342
26848
894075
191686
287858
916462
885124
984454
388468
279422
93200
975344
747966
826893
560110
845100
139490
721801
482351
284969
848676
361530
608976
784567
270065
138481
585680
222987
468519
977816
419793
857213
521016
313867
48898
325225
746681
450374
826030
135148
729795
435581
626844
994112
262473
186953
355563
918315
425105
837913
203283
273780
715795
812258
58346
985859
467091
160378
208845
451961
654545
628638
309173
691912
458856
358071
17136
205536
808444
359518
857036
54590
795098
483879
565053
57571
187183
920615
492237
612287
274879
695519
402418
990673
24129
977116
492884
7571
653845
218080
459531
308389
363069
768704
516653
821925
643126
50140
543812
967921
409657
917199
538862
204755
401077
103914
778677
104611
540880
270913
716897
332110
482783
635667
839135
23263
612782
332018
30833
266626
550097
6716
91366
913166
775419
124370
251442
934896
174510
311605
902816
584166
228804
441677
305272
629880
61942
600300
734491
602821
871212
967739
451282
870347
119757
290416
893609
732538
138785
440794
515515
688882
447509
123233
118399
739279
247602
886192
674174
938463
197796
93341
522629
426599
535017
344252
572831
596958
944552
823673
716130
332115
307763
167411
718813
427520
974179
612422
160057
112963
569567
191924
801844
533427
831508
436594
272705
79109
839137
463230
17572
36933
556570
56552
979883
91586
917155
552713
204895
378058
376385
437376
226525
200500
121138
945337
628019
95316
74110
304427
208279
643676
496350
526474
177102
327857
963068
966158
923318
318556
429387
457241
355488
985956
513792
335371
593893
947298
404435
798787
325356
297172
752514
551880
497671
873652
497216
125689
968967
571326
430115
177245
731353
442817
703719
908455
770673
183138
390964
210342
18045
820351
667582
373533
806306
697725
225255
400199
645023
629689
715337
970378
443212
467851
38609
940882
341502
52176
582922
310468
623501
13037
4065
871206
972205
224135
296012
742877
923624
686975
469571
941668
507325
137152
831552
829983
834877
56806
230181
996251
202847
945517
966628
646058
413367
521588
103292
754868
573763
686213
581688
713616
215601
585752
584821
187805
326238
880832
447034
249861
84158
916604
191528
591483
53755
23080
937817
404983
596237
167997
401233
799083
629865
884212
961493
43232
405799
64784
314451
979562
750996
412490
693177
966597
514593
794349
154401
840830
675180
601434
607042
275689
34389
798570
383523
604496
338001
321339
525830
450589
489335
927063
249672
119200
327626
727516
678783
733425
792299
509585
229338
59646
438427
922514
26242
953019
716862
696995
793849
908393
814780
917242
700433
849169
232163
83956
970016
570163
405294
495845
537104
410981
939259
303127
46532
266885
30642
725314
309
822940
751250
745998
882585
189676
668511
425179
142695
901724
638525
452895
326468
453304
370136
26900
818824
602299
110855
788839
688813
32501
801036
742268
443481
740294
45394
6364
7178
76035
248029
523838
415326
999278
269835
297911
705306
454697
239441
364352
872772
877965
333598
199239
847620
220085
742491
182796
338735
369697
487986
27548
402197
289021
286167
362029
29315
331561
368392
552844
407595
616420
76682
822921
132050
862868
637183
837355
317565
392975
718058
190336
787291
51655
905927
634910
271739
648417
817705
610474
18113
822043
154373
936662
111063
440539
815042
656729
772099
699786
725925
696046
316205
318958
518966
964606
181825
672500
318312
15741
581826
36369
722429
369116
88023
144707
4025
359762
793123
338082
486587
327587
676476
640959
780600
303890
597849
595642
960619
369948
295427
202895
65993
127983
521852
101310
608941
220028
290161
927252
752121
871986
479973
474549
241101
567995
619255
761477
444108
928729
615910
447046
772667
292385
88004
553267
596275
685853
665260
73245
572152
960686
276139
154496
605020
314342
772157
213960
534369
62317
657564
286489
450654
137536
277389
208106
221882
412995
969582
665990
341723
101844
113035
114390
394228
717391
184008
506854
919595
849267
580098
8098
326304
372588
678945
931323
686929
451101
661635
737650
29769
319198
540490
480422
973085
817879
688527
194966
747225
174460
377307
88948
276303
6694
719689
186883
240436
903696
210088
160030
269314
790186
684479
595617
679125
363423
526939
882406
814523
704925
620055
360643
24122
676896
841064
997206
11126
45942
708524
758351
736753
85830
847298
529408
608875
83338
716290
849310
503385
926377
525691
772698
232914
210169
368314
428391
573591
895252
310796
904465
600177
447202
265107
140650
124097
622522
654208
135223
184815
879083
893573
921568
964912
257222
450975
90139
340559
683616
939448
843943
126344
465139
616640
875610
191659
501305
304000
281602
912908
614795
186066
29436
578348
967525
170086
702444
106398
340645
354018
291213
219727
247590
729132
700990
21163
696458
791128
361721
896425
246928
722015
22768
712066
855006
898377
420076
872662
718728
701677
785570
849874
404095
815005
428221
371619
501442
647017
994368
842086
1034
801932
578164
764976
531063
795506
786138
743872
102985
664211
640296
349912
902577
663064
578329
273935
77792
998405
146596
796520
700081
932165
646393
620527
747170
590966
508497
248611
237982
502865
607049
239015
304796
701564
3990
352211
13421
306480
96082
116406
970690
736378
982669
873266
915793
560998
147200
993584
75754
293796
306455
292186
742312
469200
912713
489481
60165
421209
254444
298146
924073
377844
537160
745221
595759
57502
97431
609180
363981
193512
725585
851022
446241
708253
240639
362033
785602
904191
355617
861355
197986
178423
153541
456649
647622
582605
946130
707786
3813
716925
522283
444238
611120
575795
189458
206878
149648
803240
816057
513628
513103
57993
881001
959344
766246
121639
321376
551847
25829
193344
929554
740166
371767
599446
196815
535740
182050
659296
759878
702214
376220
282160
146451
987339
857954
852260
710568
7601
171851
526625
37580
684954
100969
918580
160649
867214
556571
998376
935413
582399
191720
381318
838917
79838
980763
35731
615577
679164
695026
375454
381377
587597
173966
44180
91287
31919
412791
801854
555872
584642
844830
109803
785947
945799
544735
946595
329364
101305
944970
781128
200055
653041
162445
38971
732878
143207
74701
864807
822370
286078
756612
720099
873674
930577
764278
481312
478848
693420
799518
551071
278061
644347
660873
580359
106497
205607
43305
435861
823263
504627
216988
23318
674019
379433
62288
923249
38991
653341
788055
377713
455770
544666
614163
845796
991595
378440
327107
470442
588211
126624
21512
866272
770971
198736
962982
393819
920695
522639
829679
743957
27265
563019
283626
701283
458803
345914
624531
14145
515606
928937
391857
971375
989955
6019
817170
981549
900810
144277
968342
489021
787252
506205
871644
74574
704940
350977
468393
625634
873615
814423
885943
900879
377441
169568
118514
352595
515481
259396
366740
547438
188333
274948
518813
694639
797319
852334
676187
698128
512962
644528
703500
300214
150732
91495
374787
372023
442472
359531
997657
316086
173954
883599
733317
551394
53166
368182
903989
84999
627577
787080
148788
332261
62027
183952
26899
859345
36286
219437
73825
65599
863964
777324
365812
531047
385171
256951
903070
827642
616481
417078
660079
790434
817028
909747
858180
386545
277928
278520
471543
421857
65599
136683
270469
643977
320634
813720
19674
356919
33156
93498
422518
413472
387173
304681
460870
772343
77983
880291
116336
694464
297368
776415
1249
630747
202513
375780
17292
480441
654299
5186
418649
236249
141868
205469
880226
462502
19188
416251
335772
52344
509748
274641
465815
413272
579322
926684
701967
173656
323327
818302
868119
620694
111068
385720
767793
313581
761499
785084
310373
932150
306621
245373
168398
448489
450841
564975
427342
470029
981225
763113
38724
7324
554106
504538
420596
649779
947573
638914
823434
270899
457215
207905
407945
84635
593624
175737
914567
871474
477172
741291
803623
783792
986663
488373
748632
437503
569699
692325
423883
550924
971790
462606
74599
525895
483495
11546
175673
947420
650459
999106
734670
624026
207010
142614
225012
316985
834702
139578
188459
828225
880868
508433
128369
867530
996805
877000
821384
566504
569325
761619
633779
541114
224224
708377
583360
224071
236275
759032
171490
886733
758137
906159
27110
481499
565125
252121
798483
399826
391698
986941
744403
272565
11726
872771
656446
8530
749770
994182
91385
835446
755800
725163
892911
496375
949892
476270
720445
186166
751653
408286
589250
509790
314445
616360
991288
879569
868480
306122
795746
776530
809415
540148
565446
821140
412918
738244
346021
679040
248777
437406
514485
520928
678920
923748
17302
628811
916369
254099
331328
668022
662384
436930
177811
976828
569641
685450
372748
438120
991571
168494
731001
317337
708641
296447
138476
637911
551042
484497
316950
799818
921902
347786
320745
117173
271533
854398
262336
704254
108496
593663
372275
770880
546944
66437
264059
116584
268238
636807
71056
259808
321652
802056
93497
546644
614854
231972
184554
165895
716468
17855
482064
154721
365641
802808
271894
153525
657206
534229
857778
282053
644243
746404
569284
707539
812840
833343
824122
81077
986501
895177
857237
824504
213585
950733
371147
828438
182704
72053
510685
415524
89907
509100
86596
971899
311908
874841
641776
485465
925421
15905
767517
86016
762309
336801
793554
91500
686495
617675
172577
189347
29204
546165
13850
242788
496897
901348
587577
195952
973400
614613
127827
579659
123713
730775
67909
951972
605615
226036
437436
47388
241941
204952
133403
520601
58104
926956
612100
744598
60982
301028
450296
606537
847192
464145
849324
860440
881845
953253
572744
371596
567865
216922
951254
691577
947696
535515
643548
69663
761550
597335
117050
519842
318639
766804
40442
376742
210111
652542
637692
787444
953569
87987
393981
317113
68484
243304
177552
950328
712908
266647
321923
280773
483569
789529
488701
947616
841395
648601
17278
602944
245935
650679
639138
564573
933834
679579
457667
143944
332120
95358
931388
802041
699696
841720
119153
284531
601375
296704
234858
314283
563351
73133
595055
563271
862661
83755
510886
220407
248707
44516
339702
494642
211546
978839
575566
145380
658418
33232
289323
990537
644941
737062
308929
860989
95133
428081
145519
696508
241137
896729
10790
320839
969861
605844
884109
348873
205950
911346
569279
454657
955861
908980
465650
167407
887819
41215
312786
62588
74447
118460
569476
719387
371874
878405
96727
467006
306485
242246
679865
63973
138974
690654
384811
625186
812849
785271
490410
18799
696617
59688
989807
168829
485019
455456
852587
889189
496670
681724
951776
87468
316536
521252
323207
204761
399656
419933
671766
222492
662178
351631
286465
317503
558636
187627
459040
371485
972898
949449
390283
185866
525488
896441
354694
526859
351896
723633
416047
364917
405356
884175
452385
721891
405426
775591
926651
321433
195523
114769
60276
374053
982751
863092
207907
541386
50719
666947
429222
23616
616395
819504
725833
658235
232296
596878
185093
584191
320510
117491
465460
725866
1665
917844
964108
923442
209786
407111
761226
921660
521879
821502
295712
20981
684593
19971
562366
735311
686917
991588
275278
819663
327443
517462
994249
76091
114340
179341
176633
951201
296832
642092
677066
814848
76287
157526
738290
286072
564636
499515
207732
602866
837368
19795
623846
521961
556117
702563
773623
243033
210502
565253
579048
54297
82714
573296
130387
713405
268989
307019
664606
82172
949111
858023
897019
541749
531900
635308
827821
96535
651175
551904
699400
488542
88050
839597
526854
644167
542160
816829
403551
269013
382081
498950
323309
981146
588598
453695
210903
857586
277066
875508
456109
742528
249882
353127
284276
781782
504787
628448
878316
155961
696703
94068
160854
784753
450016
204060
945271
508527
20888
865173
777540
919320
364123
100848
416817
469072
70895
627719
843009
347960
19578
299117
606839
269460
652243
891114
51241
157029
519562
445908
829341
732616
56327
506547
33720
506343
710606
978990
14869
247845
360515
308760
683516
724637
409608
100332
710060
480502
728051
553068
344813
747628
852184
951651
533439
504426
359116
584679
177807
395029
546939
523499
127645
119617
30045
161364
625959
257002
656706
157180
21198
17220
982291
704713
258208
391898
805045
968267
388751
49447
521334
249915
313426
373517
201565
846865
394294
77033
947895
88452
472061
11185
611951
599705
130802
158347
277421
273112
931701
934126
946643
952898
951345
928934
173963
209552
320831
979007
177818
225934
544805
215503
475848
858230
105371
193765
705094
499664
270797
169341
104468
259209
180525
716418
858914
311326
391116
136334
584438
839168
586811
531080
792066
538155
460013
966028
264058
297196
461386
441875
523129
6190
173729
515328
864419
279099
709092
85865
295114
496240
255205
399581
755449
435729
632350
130714
263407
539818
267047
847844
378985
370209
895275
171050
908363
355288
653429
172420
652483
631166
130646
691963
637355
304374
207290
18126
99824
432734
620342
394937
928973
875546
310870
684421
827626
459571
815134
91032
999388
598532
455227
378373
968740
350502
65774
393454
222141
235555
82225
390975
866720
729222
82937
20427
549947
806578
554904
649770
239311
175245
561059
684636
567142
388280
885408
394767
847850
216894
2151
847238
815425
973729
741962
300517
324230
807735
210322
62722
559641
292547
453696
426361
538120
52984
963139
88067
375914
518042
737836
615224
693286
815246
816211
260427
203525
701619
171545
51375
918512
173695
414964
250288
663776
156925
550804
988005
481011
277478
567079
40652
86376
537126
983364
624495
590110
946502
712561
482375
464543
966749
97598
157828
298346
430161
934606
501871
131779
106150
69597
50290
796197
484560
300577
459972
157836
367733
964328
638846
161562
531406
195849
247937
584884
179212
388783
174993
642065
101344
657367
106607
584444
271316
780786
882789
701476
715391
901011
349606
337893
970607
399895
134089
971518
216824
110412
129353
100908
74739
284551
262469
122497
480399
26757
707380
175963
415539
398724
818027
33234
572442
440986
134029
360109
221771
533170
577937
453514
434180
927542
307758
921139
843789
441846
409008
576964
68609
54713
677871
659699
339263
456691
782195
336013
483447
5926
28327
415337
404649
846354
448571
493442
803691
98951
853551
25461
632120
431487
995326
66300
875380
303083
503790
719168
261280
912797
812483
329888
967509
490353
989587
823123
463395
288133
159136
463193
294059
703814
878530
215059
66519
843452
224853
870209
942402
78403
412022
574522
26241
407347
157173
417972
226782
660962
653492
488061
90110
465974
334301
57619
472679
840239
880741
936073
644723
556228
399266
455133
260042
794147
186544
842912
637598
411396
713121
579999
6150
125142
670872
548742
48840
828044
966713
275621
5357
620204
280034
95467
86178
614334
669437
558856
970924
66529
11280
615646
622757
926897
587131
399150
721043
773674
242061
358640
185069
471533
454991
191218
596674
125862
256311
645514
470258
223023
921134
991966
843227
717519
87432
445756
331852
273220
520963
819127
339749
48594
951125
478857
975491
538255
878006
696533
311928
636418
571525
13348
107951
26515
720917
220976
668728
977227
382841
655337
200249
820327
647303
559827
537845
251086
521934
386049
524306
42896
205175
380406
607842
156299
859262
583332
210905
253619
279864
522832
406388
367740
52531
30690
394254
773447
251666
579334
750673
634506
234670
467274
454832
398324
27100
509029
165762
65386
895077
206419
624633
100251
586824
232474
772902
446085
815805
500158
216055
612021
22990
622442
979760
591872
653132
890366
365319
421149
469699
632343
55654
220720
99616
26838
619044
643068
535866
301157
708453
947294
507575
333085
563896
94398
81911
336797
56834
897715
836955
272888
509735
376296
411681
5847
484519
64812
896212
849837
2312
365910
998532
57966
102981
614499
601155
238376
257566
653372
539532
482370
600665
47106
331807
680912
657855
413717
17709
231040
827783
371015
20279
337518
263662
431960
859716
748180
13123
755927
114369
15435
121836
112900
589752
224816
727398
707258
463192
501316
876981
519075
500037
993997
566181
831843
674908
740387
761911
208968
971427
589694
579982
508057
443563
359995
940016
303278
108175
469491
59204
738895
484925
697391
851794
591028
438558
95543
814637
418101
113210
691617
937176
613247
685613
19708
445089
360520
760094
723352
569488
247872
313045
665821
755929
272959
25816
212296
576236
650342
681786
151791
389236
683062
849181
757381
790441
804090
369275
605077
222191
482485
296693
159366
95731
982305
695425
57171
342825
971870
780522
428664
219742
93566
94484
492022
882876
120299
704317
459111
286992
902455
610901
192579
585516
976433
466311
375957
780523
835586
981033
519065
834422
794078
194782
930152
776382
890206
987322
635558
862075
284196
64221
598168
894113
675057
90189
776989
311707
310858
236099
598699
213312
363352
791277
315179
856136
773940
691135
153010
609525
188520
672074
443946
982597
383207
890449
275330
273412
394122
910888
651839
678317
491460
766358
88782
166516
856547
865770
478223
683756
618220
593273
897067
981571
900901
212245
354059
674840
419732
507068
284364
124603
695494
244661
623551
78700
651461
898880
868464
561935
326119
36654
240251
333931
803011
845384
16798
175909
711153
495020
859664
329373
604644
756730
827295
505545
485327
697705
180384
421410
721125
981100
546012
416618
742112
169562
11669
909925
68441
396484
471859
910912
433137
228461
244842
236148
73845
261639
412056
784997
273011
788072
630721
877654
61153
974368
899550
546479
672072
596286
484240
393196
93737
30251
326165
835848
199812
337834
262124
784605
734317
733982
695516
683806
962443
456709
436305
36287
718347
364712
337635
507709
152783
484708
901715
213936
459075
801264
276766
647498
913901
761006
40694
7637
307608
883210
359837
507420
737395
621960
808376
471712
355942
20243
671869
834736
476951
108173
387374
711649
472884
725008
219358
625667
726067
637424
355954
701493
955039
149071
348991
868940
426428
906036
876576
734036
789245
752764
757807
526640
374724
566182
514703
247017
102776
186571
81752
579726
811095
469125
291374
283978
710484
27083
425996
436551
180858
298301
138043
135897
963724
3385
521188
390151
909420
914115
640538
215017
666879
914696
741656
557954
480877
772710
804970
100004
475632
886721
679729
286726
872197
487455
87055
582680
30889
29403
535582
211747
844055
189977
863995
807778
193361
385182
714281
619133
299296
354818
834149
482526
269514
92156
40479
266742
381217
845448
366746
856848
248520
562826
659925
120716
566632
263331
219748
597521
292733
755329
325619
653140
461657
189613
460917
655018
91146
691549
790502
906793
46367
141002
389319
832232
749509
946149
615325
130725
791597
498422
987572
556468
61248
163848
677184
627879
427178
896931
741751
236263
168611
67369
889402
630268
773333
866670
801637
380830
558219
108490
287623
120937
249491
193293
953168
998999
655793
84844
129723
447389
583266
633646
520209
644513
797493
197392
788743
224670
610674
530494
977284
779284
114214
866685
925903
887547
733355
243891
784728
807925
352380
72350
928861
601870
781994
398380
117220
437787
483223
246942
401527
66488
396939
921735
227352
194431
635478
16095
935453
246151
546588
912736
541787
660801
779421
984041
64699
29127
227932
849427
837051
580311
438128
282263
698533
220122
680642
815752
174260
163864
62694
575786
746704
975984
13873
974055
170415
649350
990149
622219
411853
53088
534954
469991
230241
830726
454031
294939
376204
198314
660717
213254
778625
98845
11868
993509
835318
692509
809260
9577
372725
388305
101714
119428
364289
631938
609834
51055
797640
116335
673273
209492
169422
208226
195834
399662
555304
166216
210953
931507
364530
871669
661113
659506
970513
672980
653014
322182
881841
978625
331758
254565
366930
949824
890344
731218
581761
16529
298624
379400
132863
971896
105243
302285
180121
301076
218298
251776
983644
429250
183283
348173
300919
844395
7678
787783
33726
177043
109965
915566
155667
958074
686482
522596
907897
93177
770165
6010
109706
68788
901761
758920
557035
7004
577556
253508
824431
795854
505283
808074
225103
688565
672598
42373
49311
196627
830156
599389
373669
456472
514954
45688
414545
717788
84635
322442
327316
371152
844803
437021
956291
746563
712293
513326
269918
289848
766833
94349
85701
272115
418774
827156
477032
91372
869528
42694
287998
216035
642082
178019
672506
673388
223706
603403
907527
824692
442196
234842
195843
286998
188215
152134
33560
900507
665459
303478
190354
948643
914178
792407
737109
332951
619562
730492
940674
5441
773186
745024
221476
931619
439394
410333
121358
663099
13735
28884
4142
455930
780078
199985
742927
968292
352118
292839
868798
533928
112668
575503
482570
26845
367909
736030
876147
987470
466522
333173
509263
239707
78196
247090
687677
517589
657422
809035
697039
187509
354270
701180
643438
134347
417516
902717
102638
769633
711907
487787
819912
824574
579642
818833
367770
947550
554863
760268
451372
21384
93440
960634
777442
687987
207723
465118
721927
381496
790504
418965
569004
144774
636497
728794
795472
54012
631510
898110
339997
859768
902248
676260
684341
481889
495093
568462
945791
566307
328729
397162
587690
938521
874147
881483
626507
81869
346600
348434
463364
653456
283750
548720
798229
920246
277513
593700
490610
425374
8161
830606
285141
426761
506865
485833
908649
518309
54294
854439
84615
899374
767952
188656
837894
642098
70138
980753
240318
933090
329186
703682
586545
129287
252401
901125
49533
46265
11176
540142
471638
19337
887099
756778
962449
910315
242610
387449
428624
296903
241888
29590
196276
526191
734598
550522
168289
804735
531274
924958
254176
376811
628639
840720
506097
397391
258196
555629
960007
269372
612122
431644
805060
15572
188421
767508
442239
947382
154956
387214
760636
913195
416803
473264
439386
151400
23785
124026
472487
71410
48983
726662
448220
193974
83734
954316
107716
341929
26297
67723
127652
154770
15718
932711
686694
720491
700218
128932
667872
855174
516145
428508
768368
449299
901771
724105
600699
441907
848130
589537
513316
413465
832550
477887
123790
916283
948554
231505
774564
974850
815579
902215
645972
347649
834926
332665
68139
535143
977948
736010
906668
494092
680869
191388
943390
98991
915492
60440
57249
279974
166328
570564
209790
998878
564802
333579
915160
513356
81435
206075
488205
413366
108290
650528
761014
943215
499544
829152
994709
477491
81513
901377
971582
762382
92764
431324
377724
524607
8115
434973
804580
174443
5536
14369
173320
86690
864299
604831
600045
945734
810906
604601
359099
919195
255129
120112
378761
754672
465615
889821
232163
547127
791197
720096
825860
400312
667771
203584
441271
675886
638556
245850
850328
160443
776571
539999
247132
640869
144829
847176
102954
955734
451777
462052
391280
223257
98515
286392
494280
80481
176213
726442
627608
483761
962890
969819
400425
630660
173402
841695
822897
811957
87544
673224
972400
380466
213222
735883
21335
874403
583059
640640
346488
551187
102692
254120
290795
717558
540511
785074
314391
716723
27868
458350
200484
990757
428168
600908
137768
601570
442602
960665
413526
46497
150240
902277
426963
879814
638160
964649
754216
737570
605288
100703
805108
224331
354822
95902
458241
411685
880975
772631
128407
908842
230980
845242
415950
175499
962501
553718
777068
921454
514382
706946
967951
180973
125574
911265
60786
280085
392265
815001
17654
513904
432056
822761
738235
303229
435014
712827
714913
315989
1809
359672
741182
749140
204913
157132
924638
167414
227201
218058
605219
257934
925003
573169
438906
50576
785
499692
330661
393049
831044
864666
423305
263099
203779
677891
82680
638792
390717
313944
471132
908877
673615
212314
658016
394880
885797
582653
78645
112997
800710
683863
370930
242064
257032
326187
808992
774168
825878
139652
683569
656922
520669
106873
436372
724447
784763
35403
879591
691831
349347
867074
600707
22961
595739
258722
417840
481535
357726
496484
110883
674788
180347
998164
916851
953730
324351
242194
727897
666580
381845
927817
839853
418866
34689
792577
659664
335803
827979
55606
27633
177325
922680
628339
716638
518418
887060
134477
516305
761138
147313
627187
435925
844011
141703
869127
797740
982405
111321
41988
648984
9517
969805
5189
944734
520845
797765
604398
856648
142095
660003
884280
835772
99034
512619
552409
617452
916030
203237
650108
677167
350549
793646
629443
194559
935348
14922
508650
434104
642594
550638
599440
168462
36794
604628
113196
557638
918744
233945
414285
577190
410299
814917
412961
509333
327535
965369
643136
759916
168606
809595
953435
519154
603240
582877
230065
54940
114150
738714
489043
273095
805703
88482
441557
842496
209461
71104
400134
644556
821400
330770
221746
231698
145686
634706
257382
989572
600075
416869
265840
285032
226463
219274
804185
829703
318502
550601
400994
432652
289315
890036
222098
95017
494870
663654
453865
220682
251109
370350
865238
588860
217471
86983
336910
879509
721688
110643
869080
838114
527512
134919
123145
753974
870544
927330
100028
189046
994282
17373
138049
799948
907409
360146
411317
918630
23800
865181
139311
791260
235530
4548
896472
453000
91530
233381
848860
329570
344023
717940
167683
871534
369210
290828
141860
756106
734509
758239
945151
728790
775612
83199
528738
199372
443344
940054
634353
983495
321586
773663
291107
73467
294563
187578
42818
902444
420958
891678
232013
281332
125969
916048
669218
495178
206875
811077
767635
457735
85667
712785
186524
861278
795983
231613
577001
755679
688018
211353
739173
525955
501368
30279
599421
795930
734208
642239
698373
155165
533916
446738
952849
659884
362785
622066
671413
86011
949494
439048
543745
35160
151832
246620
412790
464167
478233
989790
219845
682602
717495
475369
208557
218862
22000
807977
14791
756207
966567
229515
427724
500482
676252
380572
676717
555388
518989
348130
641398
468482
303529
185142
19993
971712
431762
432782
435878
426346
938924
172074
625299
656418
163795
833855
875279
185794
158184
406421
942000
124750
152287
886075
141584
344891
782998
818300
900278
301986
682781
58028
770467
986309
243169
790460
958021
191282
739593
910250
133979
678516
598676
759278
851285
762470
109484
726563
464615
784019
649335
406614
425121
801622
809041
83056
146512
592038
901355
563141
894024
584136
621168
180842
86796
380689
971301
44816
571970
227246
471418
222301
905761
70093
497930
757046
348914
123765
999960
813528
907784
165647
220141
849256
967268
545533
932311
630131
137571
350017
193271
547946
450504
814439
728787
537300
195127
216440
98467
283448
443685
569884
505748
349445
156328
520029
622842
505241
643794
139154
318768
67929
304800
55261
433536
788419
600793
365846
934901
738363
715862
128171
802660
682718
458961
531447
220017
654087
747886
318483
453887
191570
404719
475986
57366
561046
996015
196560
66287
639808
335713
385054
224088
156864
440314
657623
461634
41107
23468
396534
295821
255681
524704
98481
938398
500017
146279
674766
154103
894164
993249
607989
602085
914319
83975
175802
475364
596341
372361
58002
752500
224425
443056
976587
897640
399721
634209
359273
957179
174028
755806
769352
946060
796862
867832
400810
296878
530462
75575
967332
424625
585175
91673
543061
15845
691999
718862
491209
288339
91223
549210
40838
831999
508617
533776
729639
908338
684336
88911
865516
374715
361069
634867
837126
674282
19050
237935
487511
549511
829862
454842
490487
931388
62866
33547
947233
754864
268761
954793
559554
359983
20354
116743
708333
528971
650518
437971
953660
851205
43234
335527
225919
920654
970394
63045
594935
505795
817331
598797
571658
647192
53638
578496
94932
632856
128395
42164
387719
397155
513308
463625
273489
533661
580367
981821
578983
747237
419792
532642
598441
979377
868169
824360
900030
354914
403756
11316
377060
221086
610112
948717
868278
180101
527213
479561
812956
171959
38076
717027
569113
551383
180651
842601
601395
761017
824421
180378
24605
760564
229371
623046
739940
97539
963757
156321
968804
367512
167636
345864
588597
777747
810932
973226
957848
854496
969138
770803
26454
7213
487829
595566
558595
184831
438166
676342
462200
778939
856719
486804
55854
86089
626201
795794
699980
589957
468466
185135
473820
636102
530998
578769
413848
341930
551994
371695
196425
521132
658850
222879
44696
663030
334796
603291
847861
289314
279632
310060
68252
652702
796863
640457
255142
423064
952602
471473
529372
421068
656608
3192
57169
187605
581960
471016
45886
650305
359063
758663
687788
17912
497893
732484
680941
832688
852126
528801
122001
648109
355212
706604
817162
668427
863413
72303
607842
816014
543776
137213
237081
716735
656756
810601
420691
755067
281617
466577
921724
157031
741591
609511
174942
239483
858346
372234
588522
226823
417387
710523
391283
772598
933478
208444
957376
796890
797099
565217
129256
857226
218782
366336
573960
875537
693289
994650
630604
974905
977578
68679
648287
719168
678189
339580
958650
52887
711813
547172
796061
645551
774046
703696
934501
223875
912139
891876
537117
225589
457093
666372
82814
675874
549059
173125
67762
242347
167775
214717
733603
661704
283395
381889
380872
477936
721468
855873
47174
949633
919396
843234
595183
209793
546929
529683
433668
975420
937911
487136
201008
911355
669859
800174
587228
735269
973298
171341
977616
657424
386058
227570
319128
669452
125811
216351
147387
847278
72223
194560
313262
507971
554146
424797
717763
101074
470831
667782
592845
408741
671269
310205
320095
341127
110378
423674
76396
600027
595015
570363
257451
981072
797932
92930
650523
440094
309280
797910
803724
897854
508821
116985
405824
62966
541781
639939
680392
12612
307720
273236
937704
978989
99792
257799
836467
726521
197824
912862
326548
792838
999576
100350
290261
797508
709631
940784
237601
18910
255045
557676
433115
280217
674661
838939
343183
732793
478877
23574
745404
302948
813161
199460
798288
912953
457258
634755
639473
171433
63968
482372
964271
63544
582721
770883
377403
292351
711666
131355
827612
483062
689031
260727
763279
363691
616017
622813
96483
611245
162738
358239
430544
975898
557698
228832
405202
531307
379938
44675
219091
443905
43398
699713
23800
626119
470596
401202
434821
698613
48909
262433
181675
737939
39511
461305
617981
655527
600469
230815
783123
763206
105405
213666
255455
179454
442497
660657
227112
338786
221683
446203
299043
265080
145915
322842
891198
616510
240396
842371
315123
289304
621155
13149
543594
660665
474453
161574
832543
591273
908740
132017
354478
14145
345682
609932
193598
304531
270588
420710
643316
492270
383264
458710
757350
529178
781552
164899
145688
538299
523621
977162
343954
144775
990310
887547
321791
981114
565472
670685
572386
990563
802701
926863
4707
148383
53146
714657
452913
840086
651718
612580
332355
34981
71290
606056
564158
369193
287307
226197
423843
810927
203358
767796
472054
193667
171694
310196
691132
253517
980881
263517
244079
783581
706731
765138
448315
759877
996146
417579
599962
647863
30159
448668
199195
617800
571076
763352
503344
858382
505901
927186
185660
709258
211333
174065
419277
899378
484261
110408
669246
465141
373925
429676
765073
80655
194813
213388
356883
707310
147318
956844
355172
693828
405512
554366
827979
976587
834070
331322
351320
339970
774859
53331
565579
502543
227396
501207
918272
711656
127967
587517
693148
501891
17193
974572
98897
728357
704311
972132
435667
851629
928975
307190
545456
850838
377908
373435
343776
211977
221108
211447
68298
995967
264778
150228
14861
8525
167787
933133
236532
295753
520649
929679
797643
54193
904250
412891
782550
124913
385022
734568
976541
830349
41757
38348
681186
419664
411782
541314
147992
149242
752760
732641
145208
17537
399221
160068
26061
567007
93200
262592
862759
130201
708622
176753
184393
129224
589643
966942
254136
491017
701509
230676
837717
259618
785375
518902
679281
197157
60215
343625
346398
329327
76265
7957
346863
475485
684376
889276
42491
293928
151867
421601
424128
376841
598353
608520
506064
704348
91814
760199
711716
309674
507226
549432
569291
292600
584685
764924
6108
644900
108548
868857
974226
701164
393165
837440
693001
77541
726715
735491
371468
394934
673444
795595
771774
271796
920466
794189
976143
12279
554387
687858
