714951
67843
674538
869868
302728
847727
91739
655093
581218
975909
166727
954275
572440
522008
170254
351454
833565
618795
502128
646303
57843
491258
18119
562763
819575
977493
100848
483159
403279
88752
289752
118229
156594
964289
504448
975673
812016
596186
147117
909585
572095
313843
863859
144534
352202
34113
12339
185766
652907
514466
348420
227101
522075
366538
789863
341649
860383
407062
341160
780013
495813
630911
898242
168758
111551
402689
660782
439918
998875
807898
349502
87321
121740
213361
748206
990293
763825
760545
692411
933083
791362
40830
160183
313437
407368
466397
171437
784102
873458
512596
564114
885622
143506
978707
570731
771409
897748
231512
211326
412974
