161992
51459
952590
630592
829751
370597
1966
130738
725621
417197
654354
81494
297634
419910
853293
128248
640034
279302
388531
962302
98311
275433
724641
396789
850467
11542
444163
341078
948901
137152
291689
627244
704963
244278
257835
51065
131227
776153
698155
856847
709701
352508
938341
7334
772417
791633
651933
928803
587286
40464
407456
685596
315896
132096
82384
682714
659989
42899
23791
125241
696402
831832
752484
401364
76109
526671
452429
207335
302823
666935
64182
528875
19442
518874
536209
308210
310506
704493
753364
897791
261308
160820
99738
93556
809267
698473
776269
985608
741371
800060
110848
437773
631891
863332
355488
224351
390002
324268
948038
209176
991202
12219
738050
10643
47444
790610
835205
357949
11455
588568
772091
272762
265739
388180
366317
591358
86652
142586
576965
828023
458997
204164
265795
607239
67495
137634
831589
973848
461902
779626
699375
453103
308196
953777
980098
355639
260738
815302
229939
272192
920221
518381
61306
702312
906560
427622
293669
993212
86559
386985
337586
545555
591148
119732
152793
174995
257365
500734
665194
719266
796711
880921
172369
104907
834697
668818
976897
611786
471
206836
400330
437043
241568
461635
139354
148128
405608
949374
657691
492167
336358
995276
554073
443858
115007
223218
135204
372371
723951
800397
607989
520661
197669
296709
141919
548717
965526
118816
160503
965996
842003
560832
403038
83570
538818
58744
748049
460777
8117
405739
952943
860827
401014
507016
821036
32372
246585
956239
404743
970535
272987
529083
7547
470656
825791
149466
19372
791316
268281
696226
273663
626635
773409
193052
710204
828578
251795
458253
289355
776264
380343
242297
153442
297709
265664
974477
330080
512248
447067
251174
999134
236405
780256
6681
223412
606046
156146
242784
913713
940778
455361
703727
567412
228770
896779
277615
57347
664925
252219
863053
957540
148914
105350
110981
446622
887365
601809
293053
915965
565227
544227
915098
801632
840834
438130
25043
963232
594275
784178
876944
535052
239539
97023
618815
984660
993801
896430
558358
175077
665000
421411
132617
813913
43112
759949
776886
446828
878110
69939
362792
443336
130517
794242
244967
971350
232371
786362
934581
342998
570539
327877
394401
326429
941251
13216
311088
451403
425997
385798
626479
607348
323560
275447
937613
366671
551748
714498
813498
429857
300788
692642
873192
431304
486883
634511
919006
235605
420872
369938
578602
991410
214166
489355
834191
155416
18922
145278
606818
444918
47427
749649
52265
370986
25095
506229
254008
93194
220727
67506
523050
521514
760147
912594
469170
763381
547104
388175
998985
967975
758112
93939
475736
488630
99645
309926
644045
118566
971556
250863
79835
535334
511
648451
906320
541957
154680
676679
635151
891758
744184
158200
413271
20682
587145
398792
300414
134248
303318
815751
618574
61430
426041
610662
66411
525685
436939
710455
644250
408494
477669
240436
460180
478179
888886
366499
536488
43565
43177
171638
935322
303713
846189
864945
840746
433334
780088
141160
83933
83406
956910
218859
661187
382950
829520
727597
424986
266458
438051
585587
191304
915720
826022
651483
910250
714907
534333
446737
274824
93861
134726
726497
913925
980915
107793
754671
930600
887881
412182
14532
971286
885443
233390
148824
784744
579261
876420
209729
845719
830822
795315
553374
746541
137688
721208
173143
368946
255540
619879
160121
865752
754605
886618
779677
251871
510762
50699
182470
914994
979232
713353
402631
864674
946743
551454
165769
42355
427873
375497
404425
258695
687163
957798
521587
341202
679005
694729
710147
450896
314608
870268
833000
585564
273237
129028
837434
783998
179726
19903
698992
675309
249607
101622
56334
712701
653076
222102
755056
597300
113950
159480
855994
317464
633630
893933
658665
828986
588661
368811
796234
419620
239078
629233
5183
28666
758260
842616
812664
454337
378870
28007
129645
628477
129628
185978
341177
299055
924431
612584
896355
38380
772064
268700
355843
922045
162632
530859
751030
267645
899669
547263
687264
655099
692847
208799
683764
451106
567766
12779
905442
946636
40785
551438
91464
686765
253767
948992
985819
178197
77928
398525
732928
366343
183577
88770
288387
862560
135980
555768
130204
35649
619383
817468
207099
312229
542618
407214
279687
110383
419993
701480
573370
977129
252918
664833
663893
506684
130177
649712
201233
208104
48236
934160
574446
748164
539282
379184
610724
675261
934951
740927
710909
554333
74746
434359
866562
617363
841573
146248
727746
777917
847727
301115
755045
616996
482300
418938
640032
128828
585001
841264
336931
149588
775423
427728
897752
314704
806911
508475
989965
741861
765753
217225
812546
840499
167936
679107
974213
525860
341706
701958
303776
705784
519425
575172
322780
1724
510461
962811
646903
95461
320426
983833
245049
95848
927912
659152
410552
734822
167626
916868
993034
933378
134092
805579
290228
302027
1037
264441
827886
342742
482750
648013
564878
2174
223185
404009
520249
733645
366819
167151
345458
687244
667335
590506
299443
595246
249657
226346
846419
933634
143213
839453
383363
277305
161383
673591
95683
162420
454383
439921
21513
937132
87933
586390
939306
827469
990398
975906
77466
873568
143057
422923
77163
810391
13428
892958
405637
779436
119303
252055
229421
262516
607859
129135
56172
769242
319077
668206
931661
773459
108126
469525
710591
712411
55915
166248
539879
562664
142153
617344
952584
285209
40266
546098
611952
570045
439055
17588
865832
558358
785994
611604
337225
910205
740739
393396
679446
59815
61601
127458
833274
686079
596982
60216
398489
169248
226463
454719
731912
368615
72063
200847
170176
628680
746944
782127
715077
702351
316066
97260
777060
618411
708864
114284
528615
965954
24031
208060
25768
85631
335517
375393
288061
448851
435608
686549
618098
178422
141268
866361
63389
729682
67207
233564
874713
330503
532042
589789
32853
364459
687049
809912
982869
912264
924195
27836
878217
948225
752247
903984
550207
604116
795729
838268
52966
231336
524816
671063
926110
182435
537424
989498
912116
604630
739413
303181
451484
271454
892969
484336
152264
96369
294247
135132
8632
734793
679319
886848
199369
431566
307184
749576
35681
102912
587843
88646
850599
629010
759708
776708
327797
813483
282557
756264
934465
21969
59444
385948
809774
952413
870284
962037
565133
680882
613521
573765
415675
292839
976964
131395
240756
800499
880970
276436
419762
985164
365081
786713
130526
641141
79772
458322
970975
362329
214585
905439
384297
274029
807739
710423
742793
194374
188811
307925
875255
802331
398041
807281
611522
891357
938676
852277
208207
335997
128713
144321
321161
10145
931033
451686
167637
10804
910007
138612
889484
640943
560402
790133
431323
368140
500555
174115
562513
689365
998392
954120
8048
912784
761400
619569
320492
216427
988197
45051
552424
633261
189371
389936
643406
120403
841621
327394
647558
267979
982357
537042
425273
542759
327174
856596
427250
344080
547062
989763
33444
61805
943882
557843
490941
221633
177411
811432
954412
165608
372834
23187
315220
562204
413122
474977
682606
771094
802371
846516
39072
784727
383557
980696
843837
227082
837291
271087
571161
900705
260849
120956
962509
721082
678799
969801
459066
372561
297585
929829
54520
670418
953015
369740
232622
366136
844716
431579
653581
647086
278094
209004
948165
178002
189700
792001
405083
543342
63087
492595
444046
840287
613551
922907
77720
808701
892707
53138
181261
706643
982966
235781
377061
452333
605520
126034
334820
450235
557612
988401
613673
352058
197404
561837
46411
387103
870189
967846
930445
449628
460440
374490
289914
590342
813748
883986
399042
222807
453475
96655
929449
436440
332435
306509
888772
454306
432542
223592
420892
506506
211992
550916
374915
925747
629104
421325
312850
499293
389170
243294
948920
849610
134135
755185
956303
464235
155522
871697
687041
608996
968351
616489
561788
817137
439350
450559
787794
388243
190502
208685
894748
918845
275953
269662
844592
905056
690987
673793
404348
596508
433438
869619
446117
567572
141156
918772
31806
296677
790468
718846
905673
275170
851687
467460
608658
291036
434370
396451
679278
141224
121487
90378
576420
397439
876391
937363
302495
567377
611155
223194
680237
44592
92813
642705
128516
233968
561476
160321
46996
351943
395519
469020
143464
763557
936479
752121
54592
887201
148571
250221
544776
786410
340598
121195
183848
216989
58558
2694
300717
669712
225888
497305
230656
835052
140010
359171
585371
701485
35843
148718
569780
947713
617738
713243
711269
70568
981716
282212
957768
646638
532433
502543
433047
389382
140090
133247
122722
198647
135940
939791
384710
878179
437095
131717
229582
577104
490887
331304
794941
43082
480022
364720
990794
97759
594314
702063
168326
576029
984274
642446
739019
33058
661340
172065
422440
801429
821663
545161
75
473955
1303
901137
352133
438398
32853
98067
531853
40092
429370
326793
83173
425743
207864
73966
523501
802178
776028
208179
894558
276654
366976
633576
309711
28315
321993
732150
829744
143655
793663
346170
617609
794965
247306
486094
749714
796511
584160
797919
836602
529881
124711
436126
955624
332575
510091
995476
651104
802471
720006
545661
79124
86981
695589
388834
631648
17581
637336
461391
161235
947350
323912
778844
258666
87570
781289
8380
884080
881800
806298
237033
928032
447360
673158
400007
296286
699600
911835
947389
502070
631840
9402
581193
235173
704990
486379
866820
722570
640066
844562
883804
587415
168473
178999
846080
772394
476639
370811
656473
358438
693460
409857
286470
140820
599366
686476
953457
298966
598310
900846
801035
746502
910247
898580
498026
131588
901310
364845
854157
541375
725758
254312
645141
410582
949663
491220
182976
426301
862031
355800
301091
555490
765657
103912
212661
365022
306739
166118
663987
421401
583315
981374
167902
9913
879953
665927
141500
297614
547123
512008
838988
272880
766319
484128
199813
232333
491699
382788
174986
870081
738588
476076
425571
504244
96339
154583
385617
403077
320700
565956
824477
904014
547329
992378
913926
943633
174656
571777
241246
238130
83784
596585
27361
366455
597064
227174
598787
88762
609961
773772
958843
348548
766199
900765
369143
862537
55347
754760
781966
892399
320715
606442
312764
384395
115172
743042
328027
806179
314818
569272
44309
914954
682208
71669
281408
279271
298842
880194
368032
908803
170318
843226
773702
452868
743990
659197
831757
315689
413956
613722
208087
251022
220163
520850
151768
851686
263891
479794
657865
95061
565417
218525
10014
247624
290193
291421
43246
589035
687966
411277
14189
374635
770855
304242
827503
514844
963438
659259
830532
893745
789332
554970
661118
9494
592172
812885
377532
372414
292678
551748
467474
374446
770272
993839
138421
60464
285259
181666
165850
489577
109295
696390
864211
880149
632
208065
911344
480421
867323
258228
374166
656654
813197
35283
182500
921720
848168
76383
294134
657197
628130
761607
547995
914753
755446
686415
491568
557056
384433
173770
562984
493727
870159
943547
373875
387142
151611
801570
867563
535286
59797
241728
708291
389346
277010
407142
311065
641529
999876
605198
815078
628005
883157
363072
59109
154954
565838
550677
712009
950270
724446
791345
443996
110956
734891
334222
498098
402853
652144
365660
938138
711940
123739
646429
101285
917100
569922
928702
558629
569798
533899
890058
714154
417055
253129
773263
88360
335318
840291
316721
285588
564736
108065
245935
192043
842955
96509
690140
245807
748652
572151
700297
976943
695889
863077
594580
612989
432998
523281
687969
519147
573531
578026
233301
506938
347506
522915
595297
199175
363205
912017
484762
444292
20081
247049
636334
379387
343557
842826
141546
608560
414976
841842
585502
110865
221270
180081
240205
170619
703361
444525
689766
793244
538902
439418
300181
402759
962332
895477
601933
841888
807494
603047
286179
827574
850095
438864
723313
710003
281689
864858
318562
213017
223051
420415
840233
444320
600496
80437
131290
820208
41313
821055
613451
580214
260472
913631
982972
739155
809108
101256
581042
132953
704302
383572
476878
70748
338788
200190
780750
620476
581399
615663
833492
320801
36078
673724
765120
636573
270512
412762
973132
311824
233816
586583
408389
10640
16565
907712
749794
342024
8968
847188
474976
229621
747111
951854
300369
85898
668395
597470
706374
249794
213133
56217
86946
765562
246293
368418
402134
516804
781179
891617
344980
14994
994551
269720
25633
11116
177432
291779
353139
702751
655318
344467
932371
402428
812672
232739
488326
481066
346561
711051
247211
559693
283619
334157
325254
529911
702574
243739
563067
483752
651707
424398
15097
646258
694117
557082
657373
871548
365212
526863
574298
20529
387681
23021
939308
200352
772111
427633
197770
118671
655035
961332
194715
938654
295488
36320
984916
514413
280058
547982
514516
448117
488731
45965
94374
182848
603046
268098
570747
968257
794960
661397
505137
182641
684417
444444
899344
456527
388429
97113
91550
43463
58445
286264
498468
870284
322584
483384
901049
118993
547717
931916
567109
36448
977880
177834
219295
580925
445931
306393
65533
240891
967789
570669
939883
168557
15113
355578
141436
403541
452691
749337
963355
27487
35600
461823
414122
874535
461558
315170
509880
9274
247086
593340
45721
741317
771174
781367
322242
217104
87760
387774
974346
571900
474795
430580
740457
489907
786158
398244
409799
755200
147580
889505
299038
699531
351327
713159
574066
812884
544681
600297
822158
308118
193636
384230
49434
964809
165597
888027
698265
253356
792153
188962
825255
266947
619542
82063
273205
922051
480306
199355
677250
627885
88859
976287
327416
956538
205797
417833
769421
750477
18129
107930
574946
728116
492160
624380
692925
174108
512406
907541
427463
820910
96502
769069
87856
232395
851132
361060
670797
847789
560414
348046
475674
165625
840684
319441
122162
46481
253625
407934
313309
788105
515864
888255
516220
524375
28986
725496
698482
57743
633036
642296
878653
245890
411364
966508
994636
262495
843920
665433
110284
920685
529830
102309
86309
370514
938101
208470
933346
708077
132756
763006
496181
648619
167612
12400
689345
196597
254248
904178
770692
887283
546473
649344
649524
474188
132203
160512
253035
976122
342296
879670
413159
872125
498330
499467
758990
436430
224289
208687
660858
357044
971693
157038
522014
655656
685789
727710
368605
940036
631887
139296
343671
694711
788639
509546
168898
920841
670057
421932
896963
12352
301601
310121
400829
799930
325939
159818
752711
66579
884857
413568
423622
372901
86957
461987
28556
289098
189696
397160
745485
337934
536455
89155
32644
325093
115053
201542
762286
785109
139825
659248
313813
957778
485720
230993
757707
328010
390810
26770
394589
792018
956689
334562
164918
559998
796549
193474
849095
502596
106985
594579
840530
643440
200086
873173
484884
315138
591066
247169
616598
730891
422768
446762
688668
424839
677754
962726
752849
584916
505847
663789
376933
462536
998350
541851
538885
311250
251676
387979
813846
358660
498909
170727
2099
215346
560251
486983
530483
151317
250503
663433
398559
673271
110194
603578
98109
787948
82655
850957
889215
588502
514745
266147
567389
29447
324349
106273
340696
576024
494251
670893
934684
509511
357971
453134
724857
918222
456468
771691
585890
706971
435123
984448
380241
61669
588025
994701
849616
670679
362010
255182
775532
876754
521328
342920
422552
845677
449192
279600
938052
459794
466844
389087
485657
824815
842221
210513
743036
815040
498555
845277
522010
933678
829724
418602
511698
934100
929655
877665
121130
291664
132846
896662
684769
654173
755933
107321
16201
205125
386920
470605
181270
853763
859691
666926
194929
218263
393790
454316
33303
892345
299592
71664
342374
645667
6618
854071
579766
936272
731735
217248
227935
864580
630261
912703
35104
386193
536375
567657
107669
923294
38261
288939
293409
414303
955864
488337
632566
866006
942653
182220
758350
758596
770235
100723
404263
776852
954793
984028
229475
686527
717627
457409
67458
347887
886464
102561
250432
422838
670217
358100
862484
708477
163390
672244
639132
635606
160580
271697
501611
619584
970268
259960
378180
740502
360682
782442
33706
831826
282821
263180
34704
516800
236941
102161
864686
123404
204721
115117
62593
391290
989569
441428
616118
152958
113671
255249
788563
274251
43297
290173
410186
13564
66484
304717
270418
943517
87158
304123
291694
886331
83654
326397
919482
320594
428557
784167
960349
149630
415636
22942
57271
921556
464369
673388
590865
94392
928637
379428
368642
971933
185952
295179
501849
768788
599896
772266
712304
203405
592740
3998
89735
676393
846746
525568
996987
791655
826087
957335
457636
241722
496628
514906
679629
477349
188293
270493
571740
116929
166272
456733
605214
868576
751911
107062
637363
351806
879327
866018
71563
472066
870015
677649
664810
233113
203217
661796
24767
29303
135483
482402
787376
148462
997307
467004
625810
185599
253848
713901
818880
420120
686985
424093
288695
438896
531154
926057
307053
926832
792074
378615
915249
178441
572616
580058
411553
775832
758206
952671
805134
893688
435072
592509
42149
948730
575864
184311
134328
829711
414563
953207
766182
101548
893651
54876
540443
941156
497284
363847
867987
805710
258814
299587
500502
831429
879645
912054
607260
637850
381076
928745
47889
816147
37605
606389
764876
613468
307051
415555
959530
721614
885114
725712
823161
778764
296939
879955
719920
794223
243801
104258
599932
18966
403845
616785
850394
799841
45190
974005
954042
426265
902749
1930
242411
940353
124670
523638
70172
431721
939192
29702
153334
340657
271765
976494
119421
568703
856448
355692
362925
616600
976301
479208
635566
896497
95992
2311
696337
141181
976316
166730
83797
395416
685011
326207
852121
809681
366196
438644
757753
305388
468345
911086
646044
256461
403931
281816
825164
776730
153859
704440
393329
646512
183648
545246
543008
795991
547557
755697
453524
40224
438778
537320
435639
123789
379879
804111
449821
746074
242755
207573
567813
227451
635010
730209
483912
38940
528376
309075
815669
682235
13514
725349
845098
713513
786947
904457
509504
334503
660153
479379
891078
98931
533050
326716
739071
912928
647179
188891
659002
889933
396463
743166
117383
547824
473374
601294
586763
1750
426720
918783
200336
440234
160483
45433
670098
947429
949889
179601
798283
126394
175331
689360
741676
708381
532428
997098
621308
179606
185988
796661
69538
98802
539827
703272
646625
529552
820918
749739
531301
247637
668521
247988
204222
829003
809772
874320
292784
276013
570272
91066
918758
261955
780426
660433
970335
312853
657530
107994
492458
359869
421007
78347
458670
477185
297970
621646
6736
118887
371384
54389
882876
39904
302376
603449
385258
112148
994120
678041
904512
80744
285459
823269
342698
65884
483701
829384
378736
657582
453729
387545
17450
874735
982243
992471
351919
280212
614116
875007
915451
985499
929395
314678
541754
231770
434478
443363
860269
428598
637756
764780
509341
923214
588048
368390
505449
588100
714125
884184
762033
167853
788080
779482
42588
770322
288304
910858
566885
902419
785864
998687
404269
231610
313364
462374
979732
747842
905737
840000
692791
59844
121132
718483
983057
225531
86872
488505
813631
800996
889040
575663
485200
193471
871497
44139
480144
159800
954997
563380
578571
257212
562067
499191
5174
875430
961565
984905
139623
383653
341256
832413
443496
462387
67247
942904
204270
670470
947760
17900
471465
353151
109914
473017
546621
497762
517155
26764
173914
472151
590143
752484
245715
668561
768026
250888
60343
245942
752144
199965
629594
93399
548730
589441
72138
615976
48696
276407
286446
996455
810658
274262
349605
920571
747278
412577
934685
264433
955692
108598
252935
62187
861081
15001
730747
145458
782240
791089
391400
534383
507406
537345
144134
56135
126786
216271
188462
175481
492677
991259
688288
303334
781873
554244
740256
45502
966821
674940
309934
922512
783537
79221
501050
160969
610573
231797
306427
392813
539237
214178
443547
46642
751522
104032
102776
394659
320302
807590
570140
329330
798848
774779
149015
580720
329022
405623
626222
812194
596914
452507
251058
380451
48079
752107
57771
175004
983903
880549
84168
523140
94726
527714
569781
362600
148098
188909
757258
984751
512850
843749
314081
311697
618527
979447
408769
463901
901421
551342
276094
498335
520200
527151
395137
84631
279258
452907
259634
779512
849808
343801
819003
460885
387866
388784
823484
535963
94044
580742
520714
606893
424490
351146
434941
559369
846944
360061
23269
748365
911402
815714
246699
947954
342865
641835
32584
138474
611093
292217
917985
977252
152369
736988
438137
540234
642123
261620
76197
736166
358713
113262
859410
299555
980759
294350
858923
827702
170763
398543
576066
82164
214256
339116
546469
557120
497302
579052
695593
624747
387620
129930
601998
539988
866917
556486
596574
509039
334458
189122
761556
693170
302383
620965
509076
799493
431666
367998
627194
118780
282892
719612
200944
497148
575079
263764
570619
588733
359168
782564
213479
746787
912493
331828
803127
779409
888314
916052
804799
222771
105173
566354
915940
923907
703670
425016
239751
651687
309365
866944
770467
592257
102907
487762
605756
677986
751525
176374
266718
627044
958937
996548
890183
871429
328375
209661
167189
216688
125712
971987
955810
747236
54692
388102
187494
274713
813117
427244
926400
638833
294187
213218
747441
913446
700979
353196
591431
968855
45922
374500
595899
521210
887399
486081
392639
215773
695741
76179
948813
337804
564518
904622
85039
619209
292723
272532
893922
622191
699775
336673
777376
510313
549890
524816
940110
767220
394364
531540
252426
440285
422391
848324
961494
309789
850756
870484
41914
62848
463015
990726
400651
27532
411699
485689
163092
704422
274572
573365
326612
490698
910037
620339
517363
976278
145155
457472
743497
55870
505364
512275
496154
444106
360598
973999
270247
727706
360835
312160
790553
340201
819237
191204
367732
230935
193244
47175
935356
984168
620540
778320
991217
46928
398658
508579
23206
60164
482403
283054
116033
987766
795328
128538
948223
672278
618889
218469
399983
496075
530628
190535
836275
866216
898090
204006
97151
607686
767532
548858
591853
388071
843529
99421
434999
758539
608000
458204
818702
606754
257609
451087
110871
52937
95976
59093
241566
714864
793914
641548
727290
840893
348434
563564
707109
762876
283921
804259
370561
51453
869468
478765
439523
712997
94537
390873
471535
702536
365428
806588
825641
623037
257674
936511
192325
353650
511956
433890
584865
305869
591789
312155
146761
940222
392070
853869
219449
675991
174479
106361
727443
43947
101477
683317
756943
196014
74190
228477
414901
439617
35064
240542
579005
809090
177052
771329
679091
689007
205218
780307
511227
313358
92461
657988
769932
883
511856
989380
676873
686335
95741
920667
246633
197217
120335
3575
393230
194524
748403
808131
150493
299818
565024
729497
108907
742075
17178
304349
947434
222395
84656
458660
52105
693468
632999
822036
694350
661207
811415
887574
347541
423507
808240
594173
137076
928575
114099
46657
639450
862501
371139
306294
162318
936162
35791
787577
194589
52968
91925
658374
791714
176580
633385
360170
870048
266384
182205
564397
927590
509972
968323
791482
449830
776562
902006
586905
221488
16104
149914
377290
394956
37404
683583
557273
973566
235725
861201
684506
805044
953126
342879
113110
129705
976263
473279
516104
758998
655484
596853
686587
681807
565175
478068
131636
341736
380073
234893
79576
912528
901158
456865
307483
938561
656799
381108
428478
892524
242308
112983
213919
711785
972213
327028
841490
948476
316659
357593
707473
488494
470797
910412
170300
35971
388479
818287
894059
284904
569531
973634
713783
470688
946850
537618
925601
603648
918725
354078
12523
677384
467061
226442
389169
439273
69821
747010
904100
386479
104602
127925
874972
91751
38336
561623
127721
943166
379910
21779
228069
465792
995412
941852
936480
458613
479469
862080
62261
914545
216157
591135
108280
199569
333928
497448
155194
403749
244457
59293
306579
865411
187217
697903
957161
225552
259525
84881
168718
155786
623012
913138
621578
618423
371341
74409
77036
367161
452840
655648
798057
668996
246782
906337
384917
97062
403784
540110
500810
164593
599402
323740
30003
302971
21642
503515
44874
797519
104747
729943
953304
727758
643081
91233
862533
530773
165641
455920
897934
618480
111567
695990
803828
874700
602326
705096
971761
522462
245205
988922
687054
360958
312662
233408
663928
850655
736922
708802
648173
841668
438744
117829
569426
598176
725413
431958
128949
407406
404229
543234
542237
515795
755575
862416
906846
874253
567511
394959
396714
812715
383880
600119
690025
212893
833526
870304
579900
86799
95457
744424
928466
50553
862252
14243
648728
104017
962552
294028
511422
366780
837261
53658
398926
109188
916074
305772
983440
999936
700730
380153
329003
600961
496623
19027
330206
330148
889330
910105
416946
984787
654528
861763
35339
33132
876006
200418
653500
354909
494446
164921
721689
848058
734930
120614
957245
167355
942737
940684
167291
159818
837188
496293
277131
333810
515319
607336
180309
921000
33792
113606
905786
204671
975369
457476
237802
367726
657894
891301
722634
668691
572573
960674
516748
307503
81288
990345
991209
540376
931028
158499
700194
284568
654791
977324
618377
686461
101011
315038
607461
651154
428643
29598
855824
404011
487074
609978
771736
661319
17630
10722
330009
590203
971395
846756
414057
569034
837100
405265
109410
284480
563764
325955
569047
734906
819630
703775
421367
920640
18812
545179
571793
447455
91128
943968
367817
578201
553945
655905
755871
571575
666626
85879
678129
638020
448987
92185
207054
802438
13801
832815
86917
93916
158769
172315
828822
978398
392442
766540
415389
927605
828070
503533
891411
919197
447500
259228
13750
1445
431484
769620
573019
98109
371851
767499
252480
820837
859683
975885
623274
389835
808699
226543
483751
483819
915209
828924
462216
307650
595463
393956
751607
939884
897488
643017
859080
344988
418596
389181
346432
850079
158801
435802
464539
530651
719652
717019
867839
95686
209255
491112
485520
17954
234006
969270
18124
149215
798193
480340
973216
910007
874295
724822
366242
288135
367839
741674
633122
302786
130854
495905
152865
289654
448058
617403
336656
167709
334421
204494
263394
543676
211958
265265
77981
445963
234535
96104
111529
549079
92795
601097
975438
483442
325918
341679
771576
210108
83352
921049
512894
730558
933305
182110
20211
381362
799512
873219
65422
650285
594064
845167
710312
806021
110431
788292
768336
861317
400747
396216
926748
9894
997312
902185
493335
839582
760215
781262
566041
359919
702310
595286
90476
151966
777395
627038
49679
576907
16608
115100
227191
610672
476618
453854
933044
103400
242145
701379
964717
159243
613947
407816
169136
127610
826352
662470
967191
586566
960083
49584
462836
178744
644869
69663
330709
422264
696701
380387
515522
713308
11838
259064
323979
488455
712917
257023
591855
471413
474753
72923
630655
605051
480738
799791
732661
307089
978612
216203
410006
455047
265786
389194
633790
910655
458856
964499
849270
155556
344885
364791
385216
873075
623854
225546
361529
336770
998920
469735
808182
990025
59009
955188
595075
539746
271330
327735
363186
766294
543938
289544
221340
809723
678737
855129
236729
653944
335979
85998
325852
197216
967140
711067
70290
590993
452964
948170
444114
451884
417905
768647
441908
476913
723835
36982
533011
995164
364717
412548
761457
425006
218443
499148
751080
897179
354277
987809
67475
690255
590158
393326
403822
557298
104392
474111
664642
557355
422281
108756
525590
356537
393754
967497
349801
633940
520831
399163
145456
885547
811711
423264
826904
30153
922412
577983
443684
276688
565791
511158
483294
672301
904483
