677219
469385
203703
795212
373020
370468
400007
372786
559266
638468
227233
101306
187045
994394
891913
88198
937871
837640
417615
730661
226655
566199
687444
480015
962212
444858
95133
427376
246917
704892
563230
924135
174276
283284
719346
63647
653752
635704
436433
213017
274172
663665
830674
461216
658058
238939
65765
112280
76578
483379
842940
303232
565930
46735
299598
528141
7945
394730
471868
254861
615973
551450
178995
306601
834733
414692
370247
488484
50395
806679
217853
840918
986695
48526
302133
161105
287464
884249
273384
364041
883980
632676
183624
449909
679410
483222
494401
687354
394303
966268
942214
10276
34069
637560
316876
385154
52251
203474
873637
618998
526505
607841
459915
513199
172719
278400
190655
460182
162648
464039
340575
46627
613066
40550
12887
292475
523771
507287
496181
434426
989907
438394
961053
23975
592306
794280
409128
644556
997753
799117
263553
524257
923309
239820
37456
96027
518219
744462
72561
197218
208500
413135
760197
337917
453684
773083
630392
493807
280370
126572
444584
270276
81317
405636
810602
189974
199915
736082
834530
197667
51550
614434
238276
974858
854253
792083
587237
372471
536544
659797
86041
261396
72931
846237
599312
42966
619319
746055
53124
416040
388978
14059
202667
470295
419694
13269
176620
135960
265702
11149
849979
317251
141935
88254
808460
996187
396688
395696
885010
933231
571844
971050
194626
161126
817286
310290
204092
952956
56344
773567
368996
445322
303978
571662
431968
240023
101282
608587
375983
366983
136088
742313
200585
278022
346918
525397
274208
743605
437444
159217
193187
9288
646618
904165
170413
980255
214454
890856
933211
787149
180775
302206
232470
484752
873867
180789
724774
491501
789376
617108
374835
441815
875772
575420
719836
222689
617168
510395
482645
54611
669612
675832
580250
832581
96348
750663
812836
310801
157870
746046
614301
338644
48251
846771
823395
438469
543911
64521
446321
333286
197980
821156
775100
73752
912927
11287
296440
530094
521682
295437
101056
707645
971268
681306
540225
67615
948320
869412
894767
106189
615457
509067
444833
180059
872189
784579
134880
416100
365451
581200
265737
563431
402355
557189
637182
315281
568475
449973
361726
606508
745409
462782
314152
716676
660439
370729
300642
608758
240140
711760
714946
855597
220827
676130
552007
609367
977061
686886
25466
342511
784438
807555
422293
186792
364743
59474
18425
449569
509447
380150
56077
254855
359283
370228
487883
19721
740956
788524
628478
981096
16636
859776
353044
237462
52257
905050
363180
29317
108288
388646
888180
892725
712552
310472
595868
77294
369946
614292
526862
395744
994442
99290
650598
353724
985870
654832
889797
726825
959708
518274
224272
976343
894401
93667
730156
946658
998717
93335
492326
623356
998332
380505
516080
710883
690977
111947
788176
577274
726239
831390
973017
237032
447031
139966
107107
432900
794798
996903
676077
754505
31529
900348
247199
925929
510367
977354
872586
25435
70688
364912
648790
585372
261768
681221
296254
469096
793167
600782
46369
35757
948523
535737
789140
395553
192055
412599
344805
503204
409501
20881
774060
957381
437580
21258
883310
947946
514963
272247
973380
585650
153510
622169
687373
415278
303389
983627
884373
612908
584408
447094
165016
49282
499182
954156
961186
207588
366754
305990
710791
292606
326870
1202
249987
764450
22459
133296
712395
537421
921894
202127
639423
75404
824295
326795
7033
644036
826773
407757
256943
927532
854850
421958
976813
870384
892465
937999
77971
259218
243988
305114
68176
87210
306315
318162
851659
845126
967809
80405
382546
889702
282531
538320
481457
623178
381467
488489
267213
208239
896246
40507
652123
267447
462464
628935
654182
871281
83285
732153
646850
843625
553618
715025
930834
859932
549538
298844
221409
517346
895600
120307
923400
694483
658626
404856
834012
556444
409697
101224
281035
305942
658082
933157
89740
636897
78443
743922
508177
161728
992426
155027
521704
546043
870051
968889
922326
419589
784084
143735
453286
196035
264041
893037
890517
439018
814245
724528
995462
223941
342103
276496
46234
184
209652
135973
637081
804446
396246
145257
482525
388671
816635
4228
934713
203038
489468
373391
622626
273551
517125
592263
469586
297517
1652
876454
736534
815896
600982
731995
39836
459436
524842
602421
459620
250845
738393
613052
55291
650991
274660
54167
39661
91295
58395
490726
294332
64214
864116
433309
337765
897592
25571
323702
195108
543574
200155
447993
359469
317488
179988
915656
776924
221181
518076
752895
472026
772821
365946
43668
423811
640605
97834
463471
731899
672580
954196
542582
736794
334663
975890
590910
232254
517813
430963
943713
61386
147469
391706
420855
464957
88045
336510
758232
309225
854586
511126
297602
143758
393423
857621
567568
550379
471807
547390
798630
144386
501586
341211
397531
352600
833453
504792
101206
351265
452106
44918
412650
599575
952975
349856
580883
41019
202718
339114
866596
573655
366591
680549
717412
276365
538170
284979
826743
9976
832368
141724
670713
850305
482935
584596
719257
316387
605739
820462
184003
57845
381731
113004
173771
334706
462860
754653
375724
665577
93766
758671
755583
976708
439220
472994
253072
977389
274324
596166
503716
623043
737890
174428
473348
737176
275375
708956
53562
881114
529417
753916
455310
911147
866919
629080
762204
329778
383732
137928
511706
993849
412950
267288
970556
852169
256633
739979
829557
530956
336144
333272
153999
74033
24052
143698
811208
815778
369005
381121
213243
898421
135036
668552
325919
1955
297631
604475
848084
197714
742402
876142
191562
155351
659781
678469
523872
916414
418447
353428
963721
270943
203052
634071
861327
743455
294120
672535
559232
663124
570007
288827
77896
705043
957378
920167
223349
771361
524641
587784
969074
783394
463925
676988
455096
640058
871808
978967
72823
806607
848747
36543
77549
568150
186966
938875
311604
997437
127761
387187
660561
697768
676013
254808
919162
149743
174974
142510
921103
215966
246645
406528
999359
226922
599867
454455
866979
471675
949773
939801
278281
798519
492695
872181
366668
196012
811055
194623
193449
938816
98162
370361
152935
290526
625168
72096
956620
316494
730957
877722
532459
977601
800602
48170
204522
916820
502624
587852
388494
968748
527652
183126
767267
536699
55306
650286
732710
382713
361261
926158
837880
975774
296518
990814
266299
438038
579261
222919
754531
310217
616992
803341
804169
933945
851510
525043
850765
870485
112894
755610
839233
156898
455088
122851
693596
26745
289488
426305
409457
167100
868815
763688
142873
681684
754501
925524
119721
333761
664794
390603
160329
798137
710296
480850
732082
78157
5892
99198
948642
635137
854807
304226
792034
309894
943428
1981
336639
749267
944638
262447
916367
813452
26135
575591
495135
296987
501114
131208
147100
165907
38162
307428
964044
264809
304629
212477
342966
310520
311674
807959
462009
166480
112184
770394
992726
571963
772375
329364
837581
717012
108162
753947
46815
134296
329538
58301
431283
347003
705860
578382
512910
744022
402161
993305
8830
706790
205781
351795
533661
517454
159753
995669
200285
788288
766063
193010
876602
54789
38725
714183
288152
146887
984481
334966
281182
830370
393266
228816
177373
99126
323549
206634
359499
725710
716290
368328
948851
922070
236475
482511
955875
912579
994532
156159
217219
276946
349169
93820
331734
904245
324354
619885
51131
308835
471202
848665
139204
864467
77480
832928
479944
401029
555913
839442
643090
272202
724122
591940
710623
476948
590802
666497
389526
101685
339008
606744
378630
688176
216916
226715
108772
541269
362951
159903
366455
834152
8567
22011
214971
602398
854938
211266
519778
927203
50708
679219
199404
291181
787510
910027
768128
378312
92875
674005
479996
431882
280749
374978
636409
14016
601692
745181
555284
480995
905083
921739
315146
430001
943749
46468
548750
315038
257734
68528
242240
824793
747746
957996
115973
535256
384374
400452
429919
477248
74456
426266
909130
871556
801243
545538
885571
402935
807070
957207
400281
712152
878945
715426
658504
339045
278246
207254
170434
535979
792133
412674
877123
56230
370669
993095
107837
271394
393546
537755
748641
984353
964021
657770
855909
281615
719660
741479
200901
526729
698685
601181
755233
93981
832959
413736
433025
111204
137341
119811
163534
929473
532484
40656
985703
419504
33750
93539
690897
943647
631294
955889
927999
111666
130011
783907
393280
849670
41738
110533
892750
740422
711713
647982
350755
544671
578070
300131
655874
715410
419941
819407
644883
468776
860062
630585
404631
410163
240475
95527
870161
871768
567768
798160
499785
697778
98418
409417
547447
656507
519949
440196
913281
231661
604530
264035
292684
182599
564165
948557
414360
500458
284316
575594
969233
144377
206178
373864
70892
446653
985742
941052
834772
553509
255563
850909
251286
870333
260325
315084
526839
296625
271632
956471
528285
876161
220505
337320
575111
301022
285877
505822
317831
570192
81416
287063
230920
287593
660926
301811
250597
163020
759215
601721
716528
14777
968981
484166
401461
229305
799249
444652
42281
70880
401122
86917
947040
137979
424237
38502
955352
710113
544324
273182
796656
625739
76596
543927
429683
253874
362090
196632
416893
121304
314704
649772
652432
283684
133937
570245
29340
933186
14896
71620
4065
932369
158536
467457
70347
582772
505958
542050
809236
566633
815231
122243
708723
891827
666170
654758
662052
28259
367741
78944
665914
682444
728715
318345
482479
862652
888589
511818
795837
419836
99789
316253
352205
258324
783709
422551
357448
806019
480953
683035
889003
296183
805278
114078
704361
471447
768835
366412
499705
136575
961707
681970
335370
206774
314
817848
69425
405255
846017
381613
825090
945805
214217
177294
720480
997926
116197
594279
320296
597149
277314
725650
409683
82591
839727
630396
70389
608561
996807
86445
261487
474866
768414
596856
681639
768727
931055
267415
690333
777071
649027
515423
722875
863243
209068
959707
377520
325264
553985
214167
438764
831298
939817
848447
430240
295895
478842
500628
420808
992000
103424
682294
983217
871837
795502
664855
156916
726556
932269
847248
19979
97647
879022
259205
477242
604442
218911
854761
929705
772896
585280
884821
120545
41448
733267
67137
337342
728460
84116
758149
236811
187540
956795
220028
575728
752296
401234
732643
995203
333503
96243
15181
431149
491616
274386
908390
96057
493296
279503
542114
782543
381134
426934
419440
422581
676552
486576
276274
921363
87043
34423
158173
790934
991217
894552
366662
259864
295786
615656
255066
629288
711898
270247
576788
719866
60984
1530
815922
554279
797384
358035
853174
178517
301320
272613
117449
977871
275540
393722
415585
878934
428144
90110
669868
935712
984661
36529
195575
796798
652184
966993
942437
880434
753591
519225
600299
814574
37106
932572
368852
834489
806959
738377
529357
108278
10989
646805
602501
802880
556878
18085
681814
501374
108194
868033
437085
609207
904561
149012
406004
73096
632356
348441
953529
385946
384017
70179
200519
421122
2751
569370
771962
809709
824099
301318
434338
351439
464474
36838
154319
21351
571275
352484
522724
195820
736868
476161
805026
641428
141524
727382
230875
773879
592174
700756
159824
976190
770934
360342
913663
290036
446063
685624
616096
786513
503293
50434
137952
484118
603623
808622
21820
174897
161105
60896
370717
414324
537056
692094
572103
194931
419475
802977
968809
11648
503732
644984
504189
791018
521677
417851
597405
484091
619826
729853
270604
639470
780286
408555
639939
900260
217176
661759
591509
894632
722654
478577
308955
776061
170670
881057
970991
106497
200385
456151
634496
704117
101134
655037
11486
139162
72887
125242
623252
209065
855094
893855
364886
635379
818761
4825
51991
552288
666583
643499
446919
389236
122075
272225
165296
809096
669633
652638
915592
870018
108788
66440
90486
209921
721476
618323
349082
310714
743564
488685
36130
598658
898892
401016
750388
717652
405840
802378
786292
588774
962228
233210
978009
84302
21787
659656
893398
207771
312293
325341
77788
937432
391780
684625
663704
629607
819299
12785
940321
562863
17821
976450
677872
916712
377465
428259
150716
299656
746989
937007
888429
709216
686568
382789
309870
224706
558796
719619
432477
387440
44959
26616
324871
953091
711241
988574
582697
46891
517710
523017
609753
535531
15819
287624
968594
909635
232235
119309
209291
979223
572667
97719
204790
259235
996860
31011
483940
555655
750629
916416
943095
795588
459384
267965
748678
686976
772891
331374
733866
290600
370743
343619
342482
386561
147594
311076
296195
896180
946736
505485
875402
519403
119556
596544
294989
116415
627554
778928
188421
378183
211696
131515
690122
671079
399480
438799
358054
172370
286524
608271
979321
657266
951889
321803
43826
615835
632878
856373
512014
95965
878209
903768
615367
997764
16663
910355
630530
644216
205635
818951
538750
933682
950465
228871
121112
866296
184021
995517
555017
470545
603787
50690
127810
72028
372492
687988
687862
521721
544360
716227
617685
938920
619994
749404
453036
636656
176110
83565
797224
898096
418867
335973
831777
885684
81196
469240
268331
265216
464756
823348
735760
68543
874037
379922
656922
762880
584261
344783
284600
644972
577361
418636
583891
197355
684391
36926
350362
860501
120491
663937
758596
55709
516262
106725
941392
597457
575964
209723
379024
40720
549422
631136
625614
939810
11057
282535
219041
595317
143669
19992
756640
721029
438627
340530
434735
123018
377456
301449
499870
14298
965385
258465
586358
997998
881541
527750
111806
457505
253824
490830
14576
319597
121965
156541
775758
649373
955427
994798
761041
99095
14789
517680
336475
969767
858209
287562
609136
752016
589010
109005
282665
70746
367470
869023
68744
765362
913124
696901
222866
166947
187730
753793
2895
826046
910333
778652
475418
865759
289801
236458
481205
820941
270489
817680
790707
645050
105241
399843
397065
210602
25199
679730
797699
392668
65104
866442
158030
978227
79695
897247
145173
267424
167392
664419
93470
594076
959422
85239
976187
765574
838049
457391
586514
108537
791422
893572
753586
413014
809766
667003
623615
834965
346732
421314
743984
411835
804107
418365
906413
883801
831964
51585
667577
999355
232355
277398
593430
191776
362636
569616
957349
200684
543359
60214
825573
851132
953785
579158
264146
279903
246160
404112
114867
109243
341777
375202
37429
662236
793567
943841
546036
625530
511777
729964
624884
260483
7361
734665
452258
369997
820633
925958
87032
880343
986171
912604
731474
456308
491762
511971
736210
254273
916083
367428
879868
257859
742629
433648
920094
536195
893841
982482
678076
405617
712445
819311
182452
719806
553976
634709
606154
890960
77019
693185
771302
579541
122141
19127
35848
613902
531098
288409
384526
447180
655836
780745
221390
914817
214393
657836
967363
108233
640317
645439
30201
869113
981101
212652
105270
51428
363713
711423
942387
440731
920960
230040
20271
43100
249167
572471
173353
780264
860879
74230
743795
33067
854975
965184
464235
585719
623019
431597
693951
779687
593387
240503
648800
90840
969507
754069
142267
333219
981844
84654
290301
902803
831045
826923
462254
80211
399393
151958
376826
776624
226187
636972
326042
597513
118508
790276
183231
257878
738224
393533
37565
847963
634036
202716
938802
603542
956784
81068
453112
454979
682073
743412
874133
513118
570334
336386
109680
486079
4695
2858
262702
230882
639829
588743
828394
758336
895370
527977
16214
633593
921509
570130
481555
555544
772845
420356
675437
245980
17776
128548
700959
699848
871959
575091
212965
958645
427829
322645
444723
432523
325502
223776
663404
481682
812518
8150
240018
224239
536126
772583
857831
457634
342712
855738
529530
631908
792445
204966
877887
810220
333514
578845
510068
721824
153936
239384
680468
581764
78380
125190
14286
920233
865317
194042
401915
677834
718543
158284
418424
254668
930866
276255
228653
789929
648344
758182
421836
440788
963148
816074
767360
813013
394919
277427
534836
65206
33162
215304
646969
111542
856845
177606
31774
722162
887999
433688
916347
606541
591971
334771
377560
39188
127377
122565
345468
775720
880746
283655
732859
360245
99729
500218
173257
494647
293996
708093
76204
327158
439748
723172
955051
296592
417129
986824
535105
821480
420512
451452
944372
528834
302574
321932
84374
429950
444496
946193
722021
841593
229848
971231
718190
845928
987801
407798
856926
281796
632242
933129
125305
71989
172652
80355
884933
106132
67179
936389
927611
4042
387840
871983
49227
206765
710266
649952
153066
671113
596145
391438
29057
342344
362669
747246
188271
350469
155044
45196
148616
787285
978324
273921
375626
667327
870627
260558
773458
454157
196946
701069
974550
101138
89403
540129
307902
799668
190080
977320
470780
786224
368757
16188
644919
731425
763434
833189
598245
918477
394736
746861
222113
889411
537133
597738
556737
407759
374647
330195
378268
87945
547615
352817
189082
637017
892945
13335
953036
83025
990654
940167
385600
875763
956354
30519
607187
719787
863707
721784
154615
774795
468644
893080
664205
5776
490817
220942
929886
381816
551136
308153
469760
615102
660970
175193
252118
70266
188527
205153
153290
695533
145319
55242
87647
101672
85760
211185
337811
465818
932968
492425
240612
401611
385504
904817
923738
392673
642110
369976
774488
193245
194480
244247
808346
855449
419439
576815
442067
124317
298319
595356
336201
443637
166949
423847
61660
252708
635032
399470
234878
84351
408247
991841
2314
310102
413009
926051
702774
55118
812378
993613
248362
6858
754211
573059
378658
690001
666225
820724
330670
964543
932432
666870
924531
99380
607069
986191
352088
758452
902012
103317
842802
826610
95157
845115
136712
508166
287518
355837
563283
99895
349450
327997
106752
620012
417407
1762
310013
83632
822485
640682
48174
754916
823903
972705
854296
430971
475247
722735
189422
893610
342403
548576
720220
953911
393690
856931
462076
681207
729119
541711
297454
78568
386059
920557
698580
803465
922318
524944
403448
261155
165625
451622
16070
989527
940678
386717
936850
932276
625803
642623
825885
484557
191198
546104
438468
584888
919386
416895
782446
648505
958605
79899
243424
344663
456
942003
664480
439125
983298
67927
700279
148922
35900
232701
654801
492929
135769
108002
425204
761572
750624
251089
762480
941822
313544
200947
43061
232930
617842
825506
881434
92798
905405
641209
953813
422212
99564
618292
861336
82861
202570
561615
748135
754822
794315
402935
247750
930083
27288
189306
208006
777911
956746
970486
719732
270289
687784
762792
19570
305625
104650
417355
914775
526406
58564
868587
948617
158127
3230
809952
240987
722151
887918
989121
476972
198584
908407
724722
645019
935694
430379
853024
713605
387124
339861
949688
657412
27645
228832
676982
849621
333481
94336
280747
376238
152899
149333
324854
311025
668914
651157
68364
391065
539075
57484
868036
737658
482243
109109
382676
934288
539487
752052
647892
442962
608264
113932
100374
152260
859115
293707
518233
708947
904394
798979
85184
57293
464664
410037
884669
133577
61193
469384
524641
116619
43220
909029
370629
525462
534489
269656
459749
590328
538059
623993
33289
146323
254276
650014
814934
113390
943720
333166
822336
848114
132145
907519
421758
113160
833907
822778
246736
411451
292162
287729
44422
335381
713109
415050
860842
247597
201057
836942
354276
739116
460934
387565
401790
231561
553930
216723
344950
497650
549889
683637
862115
198385
591155
800224
311544
941413
623001
74631
352864
915162
878711
397285
250542
591819
328686
627735
355768
529742
464677
226395
785209
441962
130311
186998
673523
684241
403721
534824
698242
469961
218461
560356
668345
325967
360579
496240
267380
499931
87222
136595
415093
965933
50231
181986
74103
895268
809721
946222
425009
790749
172617
210218
749062
302927
397215
938936
987167
317287
473760
685408
787247
208572
762115
971943
534538
639045
984534
318269
138976
588108
454863
70420
554040
21445
252405
144494
916712
578477
90716
858073
885577
779684
584642
634639
82610
498208
89926
586129
815495
80037
787888
119093
288608
550003
91036
823146
705399
591921
141414
844374
180028
112629
431145
250419
134073
683550
394913
567137
778378
1980
425209
663955
781663
9850
814945
380624
508057
421222
483104
839903
501259
270992
958996
789866
337346
566383
613011
42744
158303
270777
403470
338331
383405
834614
588749
33829
34515
983661
600965
812893
501992
542525
993199
800006
68726
324495
696982
93135
745716
180085
933037
246974
451076
892032
36840
788421
974766
166202
347517
133069
436978
750986
471399
336734
585599
60147
370563
620114
560160
487879
949358
578503
30404
942556
894861
615481
267050
591842
708615
529117
771926
641652
776091
739354
50035
329282
44126
24801
495483
391642
157869
448813
142627
145619
785546
728226
205765
