263474
245104
123788
688527
947249
515906
109046
930783
326280
58131
480513
948674
919438
80906
597045
399815
150120
989945
992176
928415
540769
594893
860178
377757
349620
24371
260057
475916
164317
468399
671823
427791
229854
795611
632669
693455
827868
741714
624237
670499
799845
104749
619173
719282
185655
216217
635448
335774
722513
143975
264188
263281
255219
640717
157390
604838
181439
933798
80753
345756
918548
752576
289898
148401
64538
922566
841855
408757
664279
466092
79256
980475
87192
214780
216108
789198
947348
367907
124971
669860
511882
905511
449492
767100
62579
123233
371938
244018
573382
969042
106125
491929
237969
396022
156682
818858
318587
998536
227615
499217
980979
823222
479692
68171
38001
695799
857368
501700
580058
498691
687911
91939
404201
653754
859038
466779
776987
747327
227148
350368
232721
333272
358649
987041
729293
515330
805899
564231
513865
33513
63448
11196
373086
543139
79366
411086
755289
453085
429137
335346
468127
117047
943636
388679
770800
319026
855458
547786
582704
598957
414506
815424
932229
773154
802465
177873
288483
124715
742104
318699
674579
321903
329894
47664
865041
925611
458749
136681
895048
887885
988379
363174
521283
932014
751853
292082
251039
123662
356220
833743
722618
770725
165518
171198
543878
484334
349071
348712
609048
607526
667410
283626
929428
513656
331289
310820
439266
306389
447500
334313
710625
952230
213839
231907
884244
965691
523989
135282
89352
396560
485376
328321
167284
650894
499519
227513
135227
848589
92576
260627
456114
759985
544252
901893
789992
391893
212712
229258
698281
176563
79922
925258
128793
293760
157164
529388
259450
197504
181021
865153
110415
666397
193474
277698
833642
692992
21562
485220
57932
114137
745846
30397
390474
806450
448641
180465
198342
661352
409722
412974
354266
5996
338231
483058
299755
11747
12445
75557
725602
193466
940709
836017
376214
650534
630066
209855
859877
651628
695074
917808
765764
440920
464556
672589
247369
913196
853054
962062
90899
779127
375035
445165
785122
229618
444574
84877
241364
973371
676785
483317
683188
617493
319333
59401
268027
949399
785607
644255
117378
480680
562063
883141
437951
542970
555730
201671
972518
925135
680084
63416
704261
55119
508580
5735
801088
953154
606963
42451
442876
283747
42119
126063
901239
361452
701815
685617
827202
487421
329872
944579
484452
408286
344071
438755
467607
416152
640425
440124
341286
320509
503540
45547
891979
528471
51281
693066
997976
658243
251868
440851
941989
293986
566913
359579
171789
785079
561548
998990
272499
407771
459920
273303
332408
803991
712057
800014
220142
352481
240138
561428
189341
743677
123326
597671
272147
690958
290736
786475
349200
58955
227325
807540
352941
310590
683470
524729
95668
761369
40071
884519
169139
499990
157821
501546
303980
869877
817912
524122
738709
58049
601901
928050
318077
725226
42072
106575
416183
332808
893049
281734
391762
120374
605625
261054
947315
805446
785783
42982
566815
342205
443852
252305
842194
601672
270203
662526
987900
88114
186647
726609
146162
304899
171010
464238
30124
213081
87164
962658
62240
980213
760743
454002
100586
366367
231407
564252
171812
533541
607233
254978
875745
51085
507283
717939
169108
293837
380464
157008
381950
83462
399968
44463
388360
570977
25052
934835
300409
112215
413844
362649
92427
174586
333002
709364
540952
564408
273615
229115
97949
397200
484093
973693
964636
507727
207983
133743
801563
104798
807102
699864
704611
207069
744326
609322
294397
769377
60508
594806
881591
474351
957454
490370
648936
806807
199733
706239
371214
473348
935354
985514
870547
935798
959207
835182
443524
683541
485276
761438
304691
292378
461301
9301
15798
205626
618623
310195
491354
195482
905000
889296
669833
378805
379665
318768
185611
579398
25007
556824
569097
476712
542338
955995
412509
17896
307528
372384
217788
792803
133821
522478
601532
111473
48131
617330
833450
183105
927524
324803
378586
348875
730450
48418
727679
110115
883538
913289
205864
908544
986464
774960
901607
45153
247306
314115
579400
554833
686498
797188
863987
336670
836017
981871
448142
884147
599200
797943
67251
43075
639097
445837
391949
369546
10606
635979
479660
894143
549267
685523
319038
52082
976834
220644
97235
224139
534758
676634
295323
737607
990173
675662
590628
342542
657532
555121
226688
773083
353063
810291
816157
992159
772479
724457
878057
783084
360435
357716
193579
426053
559591
512616
994486
52776
249612
91720
793267
784369
284706
88589
38328
791230
764250
628955
133771
421781
184076
360459
711215
53490
687101
43723
45649
459579
768179
923705
759014
644965
797772
952592
587369
873714
981560
581855
442842
231171
189926
236108
15539
474631
324696
570218
782213
605298
715525
915983
543430
899600
792793
254645
953089
479893
298367
515089
455823
582898
955145
214837
744214
269269
167428
331583
142982
148987
429789
585823
380157
619714
338282
912048
610697
179330
998617
392909
784627
714141
308891
844408
613740
101684
99052
83181
97928
913771
598269
553751
13020
69766
768587
757233
339034
452366
605167
998367
601353
34955
584190
497861
171021
438823
926260
781717
618152
924877
690977
402778
639017
516219
247186
252757
134254
862589
852289
232182
292711
450557
302284
305730
36674
70870
579315
375707
39587
184481
374074
157291
735788
474615
655152
906808
913437
581411
204876
531589
22639
412204
450718
661656
928422
214255
430764
62676
593196
283052
811209
885906
249960
113492
707988
286634
700713
287302
662340
740299
471782
552765
897590
723921
27379
69093
147080
457168
166855
868307
505108
189494
280510
955825
367501
725284
686432
798264
787959
279627
81315
115519
681884
847626
229010
389871
650611
446074
677172
829303
186372
665306
382067
600313
389226
925798
185757
536306
382965
352612
404612
888072
58457
201474
360248
425957
926757
46679
224220
231067
842657
821886
346585
524541
185863
91946
430763
836474
538019
107935
665776
240742
773240
47842
357407
678817
973639
543163
215122
872955
895774
136086
277378
470582
337559
153978
896538
780667
200656
637109
11733
559665
458994
358317
600557
161209
966614
31319
997682
504632
139253
663457
261725
428844
227650
619131
107661
717641
162294
839134
590595
574419
491571
384325
45001
345481
538302
457890
126147
255309
94999
137879
814973
70344
12547
931881
231552
979160
963200
229233
143
102452
409041
261868
47648
636691
880998
671660
354331
559643
510793
461277
134062
2364
845601
695414
864196
900254
153303
990343
155563
248301
644573
486887
834997
173472
418768
66548
668983
381967
812133
669126
770
221173
447345
564769
374215
844694
236428
244897
404337
747221
706174
54750
265936
68126
750163
130131
484732
419817
636825
640294
184470
797750
643532
19466
971221
578651
602365
640203
960617
414497
825680
477739
152022
789376
42507
42588
150422
278935
287485
554758
542507
993658
125859
324794
578135
876021
971276
62866
295837
608101
219511
480306
405850
863043
16123
893422
441693
618488
49976
918662
549336
392008
912752
217709
181383
471610
260297
331804
750544
547781
402913
809402
57790
528771
134195
635924
921143
105471
698790
733332
229923
434652
729989
152124
297694
746112
45545
255739
880951
95520
690752
430286
3879
603503
164347
185262
75112
424643
33417
342008
972423
952682
151409
30212
481452
801956
182487
918947
907426
397628
652278
653700
832280
898618
805823
129973
644729
851367
902063
42031
463238
592814
472317
983469
712668
153015
168730
304132
577657
718498
646139
550079
671179
313899
96642
668983
115854
279128
587929
539631
676756
756558
193330
25387
655175
999152
671711
299904
366870
573774
858286
346460
682939
846954
329928
395607
999968
15009
216090
577624
249858
862228
644054
921037
692478
740695
590019
808332
536175
694299
347962
729282
450856
57644
754668
106030
56795
426378
922285
940017
516503
780571
802828
199442
627524
132755
111400
143844
664115
327489
721467
913972
706068
365521
351360
398545
622567
457730
206876
158741
152028
71190
404374
602883
128833
159041
225265
701979
101771
663901
158347
618273
444471
961174
817714
588347
610280
445465
732190
790746
772953
970008
221070
479020
335528
572429
393917
474447
30159
117144
633187
182186
188333
553913
301421
833517
712953
43037
51848
814723
706937
726546
432996
667760
204072
767061
772458
330703
212526
20999
121449
501830
991006
342518
497202
842886
914946
891118
317332
461456
8261
466870
643642
712946
20782
461414
62814
250087
504450
631013
64809
211386
357559
14156
395497
561630
297569
167954
408684
26446
188952
530132
528275
179958
389001
541828
22843
820299
949297
856526
281754
473910
323395
441747
186855
860529
903160
766020
110615
923961
397033
175423
135347
270943
705931
530843
832572
3499
215149
241255
29944
404100
287739
74570
584057
676739
616398
123251
497037
82046
979776
295143
555955
819523
736889
259161
680051
640049
25181
790665
564009
938565
482439
215707
209507
188369
262902
558430
708219
478050
316036
254514
882149
603774
845436
982558
796865
461833
622160
810253
60230
601936
105395
616185
937810
842284
875345
617860
998684
416877
408524
79044
355441
407314
294751
564947
595683
74004
123376
820253
552053
955764
74767
950553
75889
920202
449462
872753
898386
71622
199358
474967
189909
304752
91151
127718
663387
482848
261929
178422
899724
186804
257466
771517
594117
68568
336463
706151
142571
976191
42756
210975
931954
633874
677879
524194
70427
127341
396947
968812
715314
596304
960130
421574
417407
51281
549291
597146
50480
327571
775567
950203
514374
549384
721719
624842
617951
574534
330993
276873
67076
373748
4199
515381
7621
198430
39574
78047
842122
952872
563210
557435
65527
523339
979008
482934
90971
44650
596431
141450
888572
371997
608005
402945
437733
846075
27786
572035
936960
875130
848908
520387
765229
369458
35767
289201
567887
591693
367247
410008
544564
446808
483794
610091
486499
979153
609376
93821
23802
722158
751623
912373
610506
875979
831669
48238
238405
375807
620273
175365
767288
985532
695751
532517
354989
247870
821717
439228
839562
705316
849235
900477
668475
849381
26919
671325
828533
152646
765146
852335
874803
33120
281059
485309
909098
629080
49898
147502
4886
670170
322866
772173
655701
534969
821041
527042
299190
642758
966269
138751
864425
331855
555579
532899
181235
582498
204224
9768
251495
485721
378454
126298
518840
659512
127958
427937
804943
177855
91790
809828
364377
414656
98353
536429
465976
919393
63470
765165
78502
546090
420267
942926
877945
975845
992177
59179
74694
712752
68946
326189
198472
963751
968838
233663
623263
613147
177951
944557
307353
269740
754385
671729
200747
369089
208158
666722
288481
787979
948238
366983
334069
368504
826260
212013
860701
818436
271191
935394
531187
856489
777934
246010
820239
263123
479672
959853
876269
657622
904410
183622
927362
175146
855350
128108
544234
579859
311182
349066
367838
259419
232400
218258
144275
58660
430270
4975
393447
217812
456720
440986
590652
751006
686995
927243
14128
683019
403447
890397
856992
307856
590370
784353
999353
962071
428813
543586
541930
256346
409004
426119
32116
641403
160728
176390
216414
107349
697716
609861
325160
154436
50846
432164
905441
254192
359406
435920
937210
762852
842668
794202
587060
433037
94906
586412
395108
40070
646350
453389
812767
55353
395859
844883
213107
556586
21272
429521
663934
718988
39381
505445
389775
606578
453960
295215
860769
813365
247486
314331
92569
90154
108532
195980
523190
719789
298743
434649
276211
461444
404389
88977
33148
800247
933859
246255
873184
471483
675775
53469
190470
231507
75266
580244
838084
529225
391810
215204
858942
155647
529534
467862
245800
154417
663841
285342
874206
478935
719990
666768
940379
124379
755744
973526
440977
205955
219780
314161
677437
411906
883981
384258
159764
959246
480853
997847
488471
872662
213051
347412
28308
258936
815273
790460
413353
995465
75801
803910
474399
795790
470677
414777
436520
226420
388303
877497
432374
124434
708009
626162
52692
591989
10419
212455
551235
491271
210302
39705
880284
939704
903468
424944
198639
718740
215403
128343
714204
291203
932252
188602
603344
402928
119731
39864
145700
508033
433712
578073
148818
141720
720587
201509
733708
731005
413964
801294
222276
140617
357350
102559
596672
260817
527502
311662
979556
742904
440005
210111
550458
372256
915065
153802
775184
34795
710017
920883
59179
143728
15307
724348
285447
735893
925857
535506
983250
856172
853152
205525
996788
210501
308083
109811
471318
351937
421472
967225
611192
861476
693688
161650
233732
608752
831803
525267
159898
541819
962501
735428
685546
494159
459775
487344
746404
901983
539201
729653
758154
392352
935177
271293
119205
759611
381103
590522
627899
802575
74098
239091
180402
767785
400740
414133
892888
232542
455751
52785
774360
418251
304564
976257
912410
280691
463600
175165
182673
519152
904817
457179
427856
839993
244823
547060
115955
625926
137581
743854
944852
728030
982944
125253
495815
900035
55738
905054
648928
27840
474191
939639
446091
778754
915895
874852
59444
895846
50016
758469
414997
471184
731999
842852
311176
976821
389911
427130
119098
43843
170983
580301
288225
670278
221906
784039
570312
793995
689092
219239
821834
163282
158877
784276
458388
591123
175479
34183
486968
741846
792651
418317
213029
41001
777520
524204
17822
683783
467686
653271
243977
155020
233572
532201
341650
455477
832591
428313
249471
38035
647552
587656
717668
322780
371932
176055
430255
547410
726590
433574
805608
35592
368242
18636
76593
145762
59192
94414
345896
43229
747684
589872
714600
497607
638425
56249
469435
471015
484562
235257
25401
648465
822913
743069
487596
711196
435475
917850
774957
162064
351424
580564
197656
719665
599200
274248
381778
174743
885013
727673
217971
149048
833897
932570
163007
472321
505171
632441
459687
989732
867698
1440
638196
206962
744508
125791
918157
696334
559993
693113
858398
911416
273677
572405
147432
389228
363004
45562
80322
764368
289586
814644
429767
639834
747213
592773
628506
252383
225214
88193
758466
609263
605984
396661
816224
350491
38804
250732
563176
598796
943844
937925
26563
733872
510329
690346
639451
389684
735907
236124
154051
541845
50767
583818
181678
797980
176590
810184
566714
918155
414728
325180
43769
20711
238192
859992
887553
793347
627075
450728
392142
87271
905005
418704
337494
415333
625402
976945
321369
361308
213068
475419
419504
780187
575588
601182
578166
752178
927717
661231
186684
858796
502762
230453
395858
257306
606796
799762
50652
233871
766841
442794
321141
671845
377849
174986
87178
3250
668282
408546
880910
397702
400316
300413
177888
975904
417946
272405
244433
862014
933635
431116
237161
952749
177920
633018
210054
784716
432779
777057
534938
199620
219850
372430
871464
114051
547415
474993
633652
215697
399890
514561
613398
316558
331326
791285
292461
265623
63689
536893
643989
513675
484360
881149
982775
662280
30519
192828
963347
463297
486237
14636
179268
222438
387065
567084
336488
450831
42076
970140
666527
958318
1052
796276
274875
848729
103912
83687
114352
683952
620579
274692
713979
621290
155840
696753
799921
186358
405933
279619
166007
892169
294254
861626
114606
681318
428709
451094
648501
987137
937585
315027
945454
454988
627655
736680
303717
731566
820366
934420
931870
957296
209111
645848
578585
881302
342600
894858
584012
748532
174476
266370
157052
468730
127995
271658
666399
556704
239103
314899
543840
693039
146278
5645
148026
773932
742324
451742
21849
562689
902513
953718
519984
111623
115917
614920
509277
458517
509777
93288
723400
200605
359657
396804
669334
487651
184813
852084
560706
423915
166983
104545
633305
313260
626541
781330
603543
368864
749424
141743
447904
651936
611813
484239
279911
727729
99159
789187
702597
125287
398826
942349
842243
274834
339152
511576
762484
523964
880012
839542
464230
46994
460438
97534
876605
86979
395215
996499
455842
660990
138241
420098
312926
266405
904336
592836
994134
519846
898374
213082
161485
297199
155430
3727
572032
10933
31655
850867
51248
911666
206760
31829
475011
667198
645714
867967
754176
40929
864465
726369
218270
519057
146466
531195
785462
567154
640382
295947
603351
55107
509028
764835
352305
180810
284914
440688
708094
316568
807907
275694
744585
14666
307522
219595
681863
469588
87561
952390
26868
468377
678759
245137
987433
341576
776332
289246
425081
933065
585192
28432
988172
610572
793266
856828
307733
78179
813868
15826
911098
621774
807871
655682
636439
115393
391628
834654
584980
995540
787043
128199
980268
982153
373335
484053
323729
666018
773298
748809
599083
874842
293592
103606
485413
86858
960433
793145
681388
774300
325322
108838
912425
133193
280871
548864
764937
672499
383517
866268
184390
686911
994466
681010
669064
367800
165062
992792
33818
938359
257952
149252
813200
67896
252857
814964
154753
729641
124460
352492
20293
966134
461329
932717
99326
258552
997932
380614
447402
897800
246881
631791
584711
757698
312800
253774
641849
477861
762917
675666
932572
537220
341269
262123
605115
594125
593439
276219
840118
717898
145063
860410
200383
122743
309478
816060
381294
307410
196673
828695
205209
959905
460486
306271
233954
289637
560044
875803
283850
322960
551468
732773
376532
892737
511247
981646
3213
104685
257865
843330
338935
919279
220091
539317
42021
529569
355377
423315
353330
68401
252009
558538
544658
228846
864809
778611
34835
941204
654413
318684
780516
722233
567808
157047
614969
79054
138692
134533
183739
912908
494215
522673
832186
714305
578341
390559
760225
450069
813873
113554
518470
65881
188444
579479
811079
53252
358089
845913
510807
12502
164596
291322
251086
732403
448368
382406
811456
103412
516938
511546
532671
11152
34218
881209
241809
128911
271767
2033
578979
85639
115587
613800
667871
820382
193278
478949
873633
67719
324861
900791
596572
5808
192113
847657
254562
156832
230062
66018
260243
263351
93915
309266
790855
644485
190474
32663
773395
462240
551047
868725
64230
182985
482525
732100
3366
192154
211049
393350
259872
52261
294141
372795
58069
486253
220451
312630
643084
966864
894999
419679
230215
988914
728944
21069
633398
919417
570083
923144
898008
121129
791868
962237
304114
274392
694336
823831
982898
421736
217181
759121
473997
511321
131916
48417
513925
868718
361046
673360
835582
772397
609390
582148
761310
854685
603216
911059
774101
689650
834202
188460
810778
142421
150696
631243
933165
361384
455074
916062
783119
188606
675182
773467
699926
323449
821883
730202
192167
699281
919913
27748
471677
529303
126247
749338
383987
729462
660396
674440
935463
10949
862899
746240
669721
529947
893835
602885
407682
348908
518946
707152
537513
710480
480619
753790
33928
818853
343
742446
518133
436607
770193
989809
965909
412791
739146
866248
658604
915893
57039
594066
443193
436289
340306
112914
966235
750492
715798
890268
615751
751096
597420
669615
461575
78038
423404
11854
896890
940098
754300
931375
376704
40844
921183
858965
453635
176681
725212
112238
608925
298602
222656
52118
734890
79313
681383
217477
829804
397180
107744
445554
664627
705163
115168
642553
299552
54923
654407
712794
995020
925058
644168
888075
965901
81702
747039
935887
258382
988602
564477
383659
287203
787132
435776
22093
866444
117158
755921
696247
30689
863664
658152
695316
85179
773319
337868
384730
828241
508626
613875
339612
433683
774394
227686
915936
856096
974725
368174
630829
479678
932650
14487
766881
236133
966614
305325
102576
83771
61245
315174
630812
924908
973325
326127
526438
746643
180346
427520
91235
205324
41394
430846
639006
815788
174884
71293
188235
149608
955819
819063
145637
888468
349902
912517
124601
316515
734193
743528
916638
795437
58702
547449
236697
548378
389927
279486
811373
86624
707005
902607
291947
748399
849805
447305
80538
24688
518597
268772
690647
474415
604186
836283
879235
470439
265152
520187
786954
999344
263714
219943
311133
838767
767391
64181
903497
673669
343666
714869
760292
567023
133827
52239
315421
983631
499543
395958
8318
534491
181081
698964
525258
301618
535247
404492
772057
800398
924678
559010
316093
704743
295304
143577
59862
579046
207757
479710
252714
67775
194578
13005
634797
328404
581595
466569
312035
81137
378878
320352
131980
559958
535668
657237
377927
70914
61728
149983
387663
502757
225344
703755
723851
520647
847332
300064
99692
571440
779773
352405
155566
490702
881762
306714
335458
463356
773282
647492
60845
668511
484195
192824
744820
19862
850060
122747
607127
428139
272729
994789
447247
498073
214896
171097
535071
578579
987513
634763
666370
283637
503519
821936
774339
901632
645001
109796
364988
934635
273639
942184
603145
274185
651359
347965
294047
17770
470711
417525
962260
259791
412314
409506
274215
627209
96954
809286
722139
84466
444048
388508
368103
947566
726795
658793
365550
371796
768588
730537
306430
558578
189072
909574
832762
356782
773890
126808
374551
244600
544333
336810
20743
472998
262667
294957
616558
359620
104242
338696
960438
548289
243555
844892
12207
970350
503684
377756
342145
788623
624644
164926
347200
330067
74499
179961
686848
848389
306769
577750
609340
367453
914559
630082
356802
177225
925039
489711
53196
545632
344758
13633
610273
588312
858524
138831
558661
362207
32938
417157
150829
173933
582082
14380
503999
172933
194341
707198
537673
17461
284947
147012
901265
715857
293446
258066
409433
734836
747776
462628
280467
92533
992613
890739
197196
851136
545921
272209
729695
578858
689365
396875
752790
787799
411255
773140
477083
605595
996689
14755
139407
281635
161766
40671
513843
971563
298736
923275
706398
562863
902255
503217
171747
411219
910307
368942
262354
456228
157502
508400
551437
363219
421627
304227
151017
349233
593718
628099
471179
590407
159205
610585
388393
837322
651255
902236
808885
466342
341862
31634
29204
760468
534850
717302
171686
445157
602595
950392
417736
760097
458791
969172
123315
396769
789750
790683
746001
383468
935133
733531
973874
94337
344115
362266
448010
511721
780853
256894
978062
122715
288528
523617
399534
339729
240918
571220
784885
359865
521611
718972
119961
496753
688144
759627
893522
477893
550309
155874
861360
1793
889405
351585
612481
233519
230203
60490
745240
11055
317384
239653
650121
122263
763270
49655
461991
520539
137226
763228
880403
658836
482199
516715
671940
170342
276341
81813
164587
343001
237687
542298
344793
643443
893883
473625
876961
640437
534115
138552
167843
367850
894557
817964
6464
657826
383970
468454
694716
37547
748033
575119
212734
230232
91833
884673
916925
884526
966486
597863
227526
720524
140161
88671
363966
550395
78647
757278
190831
612761
412182
358673
496962
306738
692988
19777
480915
593309
4583
175630
630855
752615
267100
843588
499198
875285
244613
932475
759810
211098
530337
503687
447973
186849
592357
811938
253595
187356
569215
444425
800116
981396
319450
813430
288133
528789
833206
285399
638450
837788
461029
785656
106755
244480
145596
605952
119764
390208
54778
395925
117657
101467
899612
565629
288315
8320
893918
541910
195675
463132
502686
512143
444528
338487
325572
249012
383628
675129
534411
22077
29269
511791
324084
652375
756270
469679
258326
392386
376238
829456
788310
10246
930922
687921
92226
219236
696241
986143
277497
408267
449275
296535
920409
410154
635021
762332
659165
535000
953813
709927
73428
983081
738069
397512
635455
494339
383542
410132
886724
759780
239587
191385
286377
170508
879306
378603
906096
91898
364745
699944
500164
814019
996478
420573
740524
147851
699256
399689
682850
653068
625967
756278
636148
364036
670141
787954
374726
53682
714438
777801
329813
470376
969185
616190
640884
364842
994792
63331
456739
359536
763274
956903
689907
759752
893827
430430
907602
593082
346470
106803
246150
488789
379432
398649
852824
49572
702955
227549
619606
417392
521701
949418
887767
490885
565607
45002
855727
76750
624684
828817
952638
387958
302071
642544
664061
195897
589325
88014
305331
452147
711168
67832
940935
90600
466480
793758
140171
685786
537658
759776
619529
575710
225546
23648
66594
307504
68649
438672
384254
209685
267489
853243
113994
569559
12138
294406
281808
601462
382419
587138
53608
609938
654969
510894
700537
637800
304651
357060
839938
358660
116835
459466
934369
858732
483113
517315
166236
68114
955986
66841
277798
739826
920083
908143
825737
932220
202548
107544
50033
101318
694681
619993
711255
866001
130886
411792
20152
951889
768851
860089
826900
402037
835907
761269
260769
319019
794935
427004
903484
267272
493844
697633
7098
413926
605775
832834
862497
808322
456729
912529
909639
667761
532521
620894
533761
663407
549037
70264
615295
317887
446705
442194
236275
282611
719814
497043
601629
31100
440398
21465
298372
934241
719097
821821
864518
324872
171006
727014
133193
627734
155895
42832
811846
688415
180077
345606
868173
729113
932221
999819
563351
378925
958365
799625
661535
194530
813020
779516
225630
253417
800980
40353
704010
520076
862173
568527
361299
549530
811893
494492
177263
967787
53675
989108
172553
750103
851065
40726
479215
299637
40544
558917
678562
515260
358541
856448
709790
687912
152315
935419
941329
469646
975771
645338
989722
354295
730216
867372
903824
542108
361863
597438
26246
931889
586545
198799
681991
953961
755876
677557
253597
312771
236473
448510
828031
111366
821310
537820
799277
973624
989590
256957
443270
481712
902294
949343
836006
632510
816714
256181
690969
694929
853618
717215
626817
956514
432365
308808
910474
704592
502716
680422
17362
739189
645284
361744
366906
466593
415915
682534
956568
405504
939491
916189
887215
841784
865531
239572
990645
198597
495752
197966
893525
349369
431532
36693
822234
863896
861852
732707
84839
364568
929481
102200
620108
574764
463944
987013
557708
879858
669546
30627
801714
609036
946816
205280
967172
328698
444852
474168
527294
456955
672133
937170
322676
620016
973863
144909
263
835714
393968
85101
716633
323448
187301
336740
414563
167596
323752
488622
47453
509650
519248
849166
118685
982415
570798
602208
311113
532001
76376
354758
988955
264860
291928
827982
884876
782142
972891
885138
134207
883210
970239
850840
206657
673891
187579
137571
841486
27683
142544
405290
537332
178143
770808
172368
160558
341605
290928
988022
873605
883655
342779
378911
664866
151058
206893
549741
933199
696135
951231
583758
579344
437821
434597
302352
628063
138527
956274
469548
166209
98817
391189
219892
276959
161996
908612
953868
19952
715891
941889
893556
599545
801020
788819
264410
468429
995711
330503
401628
691845
798085
985385
787540
752257
936333
89891
380319
74859
46164
366218
757420
144980
757406
493663
938290
919402
918626
408510
455705
634516
866750
865613
750412
667769
654431
531174
136198
650141
861676
54177
858337
176112
555913
645876
928368
492245
252118
308686
83455
814633
674903
357226
959612
432308
850889
414253
868061
285866
822762
323766
920382
689512
189378
670793
873632
843808
201966
526181
10300
579993
96709
384988
756104
652621
547215
684471
661217
799332
509508
261024
613964
184410
618249
89927
133070
985489
20531
1130
271355
359645
841247
708088
565508
546976
378880
439139
390783
97198
481672
917434
193542
578380
818773
949646
231001
365987
150468
408569
681670
659976
669592
811985
360737
804193
418263
493806
789681
438794
494936
577387
798438
336182
285474
880297
883158
180706
319435
790292
277903
317458
224078
471444
895838
42850
937441
643190
408837
604261
568110
606858
264236
754054
418843
624972
558246
837105
118778
864278
792250
130065
958017
107039
982598
243490
987335
382107
424195
823122
172399
218449
140579
912828
206245
36416
955677
660037
195957
880865
264297
764067
4075
44884
518120
422917
186208
592717
776373
821337
973346
568623
951401
931362
675661
450350
174852
662996
832457
115398
2469
521207
333847
143047
434034
56443
695815
906062
716479
408123
303279
980776
172189
307353
542011
206660
246621
728218
799376
539345
549554
772722
107967
17306
704083
299980
467656
395286
479327
300112
510684
481795
821318
360882
141193
771703
417324
837007
677764
650154
245130
497394
630929
933670
321098
172940
140330
567718
417509
456057
107063
967063
745130
731381
984368
965565
547712
452023
877202
27038
268486
904237
25184
606155
265118
166377
377857
198793
519735
571973
848947
281216
69366
996227
731238
906816
685518
387919
474533
103027
360327
97947
70089
105457
345680
570808
587373
893391
539183
464574
436781
807668
368811
978316
413823
150280
661044
308031
349073
180779
880003
714371
978346
465721
710597
225935
372536
396115
613853
363420
499141
974180
977719
85581
595988
323398
656388
699712
733140
711922
164285
169920
519590
49447
148236
449764
716079
809279
757794
65151
506409
154149
295873
1107
619869
6469
227041
508756
402583
840894
872175
418075
331425
849893
503655
443764
689642
676395
143475
422782
904668
824111
592701
424257
389910
257288
390372
105988
582919
664518
687490
89327
818666
983362
606785
438534
989830
833826
463641
908765
191071
335815
843191
38847
702060
346846
482610
391701
539592
142436
814482
444259
966546
923535
384868
872807
180822
291591
978794
280092
956108
182635
885771
774773
165996
492555
729658
672178
326380
193298
97294
33802
529113
940484
72648
747524
803681
71609
139224
859624
214044
470058
820235
696942
393592
205102
569748
90765
496692
548542
370857
969152
247528
256627
743924
413524
749181
989934
602053
591913
183231
699346
625714
228695
156181
214714
976218
959862
286322
115442
819485
16718
101851
156071
713659
495442
361172
283406
586206
374216
348299
473414
343367
595827
246392
603642
525702
995573
593575
127754
103837
293158
343451
245902
521852
499631
460615
498070
975844
263289
129863
311681
280006
231713
467751
993664
243506
345275
793421
346063
719490
141720
819477
579208
737546
65868
699201
779599
577792
809128
907352
681628
102285
767154
927530
624136
266784
904496
638557
758980
167784
284771
70660
964141
32835
538410
957804
276340
883684
751225
622403
119525
409296
958231
215084
663193
540450
430637
442791
118242
239764
866494
316221
342048
633647
760102
966183
416782
180950
121092
175761
348733
405862
246420
312874
438697
301182
787029
231388
701217
54605
370142
820742
463900
328372
552177
127092
868822
982813
86234
503415
738928
952727
819635
80975
586373
96089
563510
3155
277038
684601
178915
142122
606814
941687
971347
561862
242868
758376
793250
944084
329332
163391
281177
793232
8115
833354
436675
393288
332518
522909
896702
587798
475635
232688
668772
578360
328776
748633
97866
122165
949585
276780
264287
556399
734818
235633
634612
977685
510360
944213
921769
839692
107604
719297
149275
632070
69002
585949
25357
917872
625209
922058
505669
617196
671097
174440
195555
516225
439425
809772
638389
389009
86551
419027
461759
821369
171012
96371
315405
681371
40583
753525
37414
664538
472822
186688
296607
541823
288989
838315
459694
914197
760372
965362
47744
947821
656154
243298
464045
611930
53069
102433
938
655972
37812
462697
993692
208823
75419
825448
406545
116001
578973
443959
296891
51794
146998
593497
109968
435986
948164
86014
866535
708535
567727
914278
656355
740232
673928
636751
352161
243348
255536
353099
415671
293347
332147
925714
502169
407565
751162
908713
39917
330134
352671
336807
898279
16021
446656
524598
968358
394819
610611
834892
619705
694690
265522
792412
434921
939449
945514
303434
699148
201049
656532
114819
494395
505030
40532
996563
428946
791693
905276
985214
638178
774298
838373
52808
306670
285028
93758
275028
196198
220720
109919
332254
915409
891792
641017
866682
831240
586531
170115
46740
787579
342998
161558
281974
848027
718441
278536
793324
26486
700163
778537
181015
990813
616909
233823
813834
418288
327580
88861
614485
548299
715132
463091
980060
606923
104107
846741
954515
206989
16855
1254
994568
359852
679163
276541
724230
397603
71428
517553
424088
287943
812441
605103
795107
429350
355277
608940
847637
199208
214153
978474
747506
929284
957916
727565
536206
62022
90657
490720
785363
107511
8325
779930
983714
687487
572822
224295
85090
160601
258199
25529
964895
70640
146983
276353
16341
502259
401645
380329
701466
615797
358802
965324
545080
316717
209240
597637
895091
299897
604709
680453
923759
613033
976734
423825
300520
65907
648119
901961
226507
422670
443841
707754
9661
590824
984106
26001
93082
385750
406329
310900
1546
281483
792575
62977
114551
1814
176966
525993
301710
781674
722797
741821
911058
699530
165645
727929
765436
330115
146241
508295
269136
590082
732400
278796
180905
716505
821148
790338
618607
227477
617589
136504
25311
410163
199481
139861
411977
892798
665854
230038
674471
388650
971858
101880
604532
653854
829809
886319
983969
976049
394613
769456
566130
127012
48252
263386
359869
869399
53724
978475
613227
671312
114978
638537
81475
830810
778398
9803
723607
444251
239840
914429
349252
728050
16309
953783
381903
362469
840102
882223
854869
751066
651679
420999
394430
216282
200736
754298
85680
254459
249124
698907
442123
364101
853795
39949
711263
632192
49751
951221
592794
805942
382002
942046
533991
914662
412180
915894
277130
252281
314468
131998
3347
966146
69348
914128
698779
270084
668425
784459
40894
917548
999717
999368
798000
853511
555668
509262
485703
605418
976835
594848
927712
358836
536893
461702
273497
465425
893947
550626
717705
208415
198975
237403
690912
784675
151530
389691
571110
336306
690501
128355
253853
690217
127723
568205
60079
683390
593818
62133
805160
570652
656981
732871
445839
710225
710924
719335
175649
604871
786312
409706
329637
501639
647108
536900
286313
314990
442942
857422
651295
133442
985776
421500
340010
629850
506056
916441
313240
99873
978573
634751
186877
151905
367621
632715
862130
78544
352050
554130
199766
654713
963835
529402
156351
127295
582654
959015
442284
25595
816436
609930
675389
318564
547781
531750
464765
53836
448190
778004
670061
943115
929106
856937
95019
813078
489651
473500
891622
358052
27630
607739
12765
507816
653493
685467
635110
236146
644482
593745
778092
977269
720027
453480
812184
267807
501582
276949
837995
466123
571304
508055
409237
500410
364991
20608
313487
370993
494107
721460
729045
38088
329199
258161
545904
982691
943627
181013
735188
588108
291110
513279
565377
11136
483111
377560
795294
984692
654508
149640
450814
225812
657694
376403
242573
539036
397010
556059
910029
407468
277519
155425
445556
123069
413585
507811
105759
357211
205175
840946
945319
496284
870576
27047
23771
353686
920958
335417
854729
575466
485056
821895
317629
142750
198297
560201
198137
111658
632611
108165
35477
910129
263589
997384
33197
677173
505194
655307
550736
710369
12604
496054
723004
883180
39452
263127
753217
960409
598543
607946
52226
83598
429840
369854
742699
144488
446406
940836
256145
79017
565352
291621
505497
345293
289005
55046
538817
310550
226704
89552
537270
239308
101957
260274
638839
141408
523400
392055
101817
638294
1000000
154042
721891
946191
40248
980942
90678
3005
921777
346822
598373
3480
154795
103870
348772
960151
675267
403941
270700
901970
493492
324322
657629
595449
584595
296467
253208
624346
204874
871376
262639
204873
541770
500881
151064
98369
481822
241741
101373
919950
104915
699746
923430
776061
319967
788553
736211
511585
192493
523262
929906
202337
847583
587535
314137
948529
400353
567344
572874
605226
438720
351864
326451
496841
852745
993866
595209
850918
751958
212933
770868
856872
912678
210649
149284
748996
999201
885494
776932
708046
925108
706838
910382
289042
294372
224518
237571
211076
308213
326796
816302
263284
678660
142752
760124
47756
652969
355332
898673
404926
568265
669540
778150
997294
880188
927433
262642
395741
812927
39573
103786
254386
746410
14167
543427
557133
755036
780997
768209
63248
107793
100862
326532
302804
243613
86655
350559
896581
958339
249231
817858
42955
435123
596007
40248
315310
523440
819241
227402
336366
858814
331187
107103
121575
861705
650529
678708
616740
947878
963268
679988
572022
64129
522871
874825
307741
609525
741735
720673
84215
507317
538530
127169
942439
134537
683769
774101
174328
19361
1502
510693
878174
849041
134147
999749
710745
784675
194808
843837
732552
158075
523824
304573
222203
563046
695749
46295
688922
953835
283319
773137
461152
338200
416657
403590
989088
616777
694042
163415
636138
211896
674107
514311
60936
324605
30411
288032
109280
225218
131868
358183
899644
655691
179108
121846
735088
874856
684492
424010
828691
967810
197146
806194
306010
130154
726135
295097
746931
420177
458512
383068
632072
648970
413730
209359
489927
444141
497390
599206
185710
629258
473740
601706
801300
652847
723551
536388
44055
924395
960397
389097
408556
673894
195290
230917
320399
921424
526014
67329
341600
500877
450396
490023
666198
864126
699381
672476
824618
713123
271681
526679
342380
745421
128384
143679
398267
368287
196418
958673
292681
673166
347769
701236
347059
543058
932153
667458
464482
974518
251138
322433
991746
217886
812456
174295
82011
28188
846771
422980
741310
634803
949658
600041
896575
78042
743720
294842
446328
456489
769866
255360
129655
117635
956595
993065
660692
405099
176874
125173
895968
428012
447606
404065
645897
776413
578360
244259
320952
941482
183590
62262
576284
133247
178654
472859
727640
922373
284052
173967
895214
53917
945678
24868
171551
418625
17932
348595
823723
194806
990119
236043
139169
954076
640107
785065
730488
734818
545675
51440
676299
729264
630053
768935
378862
808706
758145
106502
247431
42196
796820
142644
612464
742498
683863
300367
161122
701794
648961
501196
412951
639079
737238
552119
593155
377345
853535
839994
628514
915561
407785
304813
161176
554189
73747
540038
879247
348243
646539
643029
906790
959710
785672
519253
702207
469534
335971
379680
687679
501283
880876
616982
656714
134465
685452
249868
28161
538987
606213
656675
970899
530350
477839
132075
84538
67937
672112
963784
416179
835002
606812
322968
794711
908835
358572
13270
894720
694543
392949
98751
195825
790176
715732
852538
440993
401183
618757
469153
456521
741322
642179
427420
271671
120017
559494
356208
187953
747957
836344
120483
582958
959507
443450
894020
384694
802022
907289
795765
12916
816590
894515
208740
123117
126598
577630
564109
44133
196386
549614
500653
937707
708144
444424
725729
344513
520269
598289
48817
268225
434632
169300
367534
910490
612749
777906
811535
931122
201546
607300
944037
18135
18166
669129
657604
144764
246758
738064
188896
443143
804029
689548
897202
512173
650324
622930
856685
170592
221218
905501
955169
172201
591152
839054
599043
720253
616959
410577
651374
818505
534228
111763
352991
552394
780891
10594
697157
27648
748658
886052
987142
69038
91951
400695
581210
258626
23625
954246
429218
761194
376099
900738
449747
967250
739791
565141
687502
356750
492069
855228
175254
26297
966990
528244
578690
747880
55190
275846
291879
320199
678249
795372
389236
286551
196067
486798
545177
736043
441043
490746
13588
333493
391483
463334
300743
131273
544826
504596
488022
36895
359823
179627
579543
326812
224223
158232
591043
795764
950429
399273
115962
145029
194645
505197
431579
390711
991994
493107
126753
949389
983852
140340
282881
891686
120026
583623
22959
181203
604571
27332
734449
964393
723311
313991
807557
947533
472222
914951
743296
939002
830576
375609
84030
25220
880805
31961
932282
389151
41419
575386
338539
541623
232077
137771
433308
352102
237746
456266
49657
842316
999950
784105
323060
723260
98096
130616
187144
86669
561919
446791
25671
392494
822399
626052
417713
219555
174364
349994
608705
215783
441731
463595
757405
673807
117718
190712
542261
355463
163330
591917
714130
163279
376021
37189
402890
990468
167805
590033
77137
729723
553175
619159
122216
891925
761562
56280
111479
935926
922625
236536
151708
364355
216482
425464
38161
334199
616175
580421
206013
295856
172337
920142
975486
64710
957331
378375
571529
125135
484759
648665
371209
37933
784175
9776
929857
545737
66055
557688
998014
988679
794223
149721
353033
10704
575184
907545
861255
707710
487966
67267
519918
176654
503761
495403
241363
461091
873778
812892
102577
358536
977908
473785
912821
278435
483560
359029
824171
65966
916716
822184
570996
710938
488256
440380
237994
579791
347924
615600
803852
835889
199218
323769
12543
702978
819172
770257
164068
209301
583148
782996
567836
77408
256780
997008
355842
256691
356037
696364
839008
272752
34899
410003
500042
39506
850382
254387
619296
198306
869986
939499
550546
585555
263268
563088
288533
598791
849697
968952
808091
949196
751948
892278
26603
525079
889286
898796
298122
761674
111511
137129
34425
146409
63484
50818
185914
913865
305204
321561
628522
691541
777412
179068
793448
40679
258507
81980
155821
108203
567283
963911
57399
835582
372540
600353
360661
261825
15501
175134
23498
127011
828614
574275
273420
892097
141444
975685
805962
446648
813598
950835
654540
591009
129902
447987
148039
904761
46318
303859
12963
129953
784121
586713
965534
156660
703418
842546
934837
718918
534031
474686
845928
362645
565312
635699
254741
706756
127736
577054
669755
941333
44241
840646
48693
174142
288633
196731
78902
851302
16941
608217
497606
317413
711281
979492
474072
414698
822037
925260
133615
872420
916298
495895
235064
481609
647945
6156
704716
775680
99562
374470
717012
143802
215116
282056
834295
20100
478786
429549
387753
12078
37765
885359
329490
749045
864850
319914
680095
203238
245173
330061
75657
677822
342307
827072
675783
990252
349580
380498
765931
449141
754968
999295
109294
486435
281350
943588
506534
276488
373136
894286
288565
927252
295996
618055
192649
160845
937968
872743
880435
699492
719155
956091
893666
61462
299515
569448
51713
649094
949945
333995
98234
221264
333289
207527
707698
130991
667466
214231
407478
556954
624869
212394
484205
920864
346800
193205
598061
801119
582299
478495
16963
301454
950937
910628
362915
250451
480075
930979
415896
430019
264973
514129
651283
598262
238007
358980
245604
421825
89563
169433
978778
230783
381826
979334
667998
244978
172539
782410
46096
271189
260904
63058
572642
728193
973685
451908
494995
453759
382886
910891
400130
647859
941371
51412
762472
695730
926743
524427
117554
532657
693859
612683
763439
592036
592016
431437
837013
280906
213846
883109
68447
991102
946166
641088
235646
436203
92996
730640
406313
992233
157882
806442
156443
99253
374205
918914
311334
300948
443340
945239
833604
653550
557921
113395
245586
666288
544831
82598
463546
275028
482058
531992
782481
944576
689431
18126
380778
782426
265118
787090
291011
422999
593532
447453
38603
967736
882719
866288
785035
326058
811526
134991
495960
369446
248385
741545
552086
309567
340494
15631
584594
822552
63974
883427
767127
753404
901552
664256
52182
683021
451345
343192
622372
561228
790644
660974
45316
673362
527262
346702
515772
855139
481692
11731
224585
730076
269627
293022
39642
610120
308652
140588
949023
888977
24014
232501
642380
441917
896756
694561
124938
864453
37752
747309
425680
344748
924634
987347
18109
968247
334049
50232
823386
332092
578314
564322
62168
364292
857343
618161
974412
682346
758748
439786
571322
782761
672287
213701
741030
569042
908262
865967
433494
462365
129627
375526
807112
54260
879224
341573
22507
729624
908156
845892
61716
486470
410213
640235
850761
267555
258395
341524
466252
533495
297662
37573
832607
969948
251273
573636
55341
675886
955954
488835
138251
85580
380712
945362
139840
776287
803286
678698
22263
711442
524589
83978
197911
451153
240564
565023
235059
15310
422899
701310
65156
720560
738882
897763
690507
506506
987750
262199
182392
943704
267385
320642
29283
648096
782355
685474
940735
585641
364171
962997
813434
405111
563326
11344
856263
320241
92718
91321
335550
515616
792630
400706
752527
47863
814820
959385
554369
802569
221584
736760
746272
488968
573753
291907
653416
872459
977380
594150
974451
857903
73498
787884
263013
636823
799227
635628
957063
408297
726948
808964
440264
35930
209669
709143
83792
540840
668527
638160
343409
890110
891271
89680
895430
465023
381586
548845
853834
875318
659346
828284
249572
732843
616168
512584
886017
931746
148211
843079
340042
391511
168394
296658
943792
894415
5800
27583
435254
674326
182095
778662
80788
589717
868342
976217
571092
766279
41413
424925
157948
700758
253208
407519
949952
869375
436455
835968
317473
101017
195398
657514
8879
363791
470523
952670
258205
476322
496605
693459
667000
678699
988472
747787
268415
373165
240355
839506
139444
798119
780782
813743
498876
33990
737614
965179
419716
174068
801146
737188
275084
996543
911054
283963
876685
381576
752984
134890
374250
249588
344700
41249
928286
333171
305387
713053
706336
545741
68910
362131
343859
366044
692225
359086
400033
429838
324264
336100
603905
641761
589640
395341
638303
500693
195655
31339
398620
948638
166228
772869
198226
27279
814117
642863
876802
635855
872267
99489
697947
457529
461619
558157
823572
670195
917242
739956
100033
757857
76055
220289
399617
665694
615629
554271
682738
327635
101962
81358
276273
784541
854226
990850
811820
184695
150064
204973
820549
22331
304461
518496
479859
282431
76652
819782
952625
510246
559737
52657
784454
635791
272946
700423
817837
404926
771045
500574
732561
873006
581931
525185
657547
952509
516034
985718
137203
666097
190690
474103
204779
495150
508950
200989
777580
101954
20770
246556
612199
580506
815565
913004
732649
88510
613426
550485
9787
900823
51058
258699
773828
149341
783883
947726
101849
816268
933443
755403
482365
124132
229505
203495
135633
738455
404484
429564
840408
941605
676120
968958
38463
491684
398313
771111
96545
528091
837947
106331
428913
405356
365030
719092
554696
665264
666818
656544
481532
600260
928298
480248
240744
157803
683742
376376
896257
604577
805940
253016
62534
482059
738325
100996
490094
136637
388458
586638
664727
226404
209320
93639
631759
90701
812731
186455
755965
479548
359350
753848
596159
287648
234095
836902
961802
434188
729630
374410
555117
535569
627425
617650
533979
365749
234997
24072
18737
623454
127061
683464
849857
336380
777102
997967
943433
106184
700773
215749
102083
60123
969596
698242
864122
720042
51495
825923
154229
781124
200332
225697
316692
344108
359698
367022
226208
594694
391093
244944
734499
518153
928407
100707
370885
221861
98674
314317
328044
799446
530065
946479
375920
16012
644720
756393
736053
212566
582315
406633
993690
298998
148682
826733
159457
508379
193755
385664
619425
101199
630608
353923
619352
75366
970982
506588
297226
586007
820904
141622
385452
867320
88100
277724
399683
249171
550468
135735
461736
649135
58719
971777
948132
207400
314862
107589
715779
24968
9604
851555
126166
156563
205477
261869
231929
176458
768456
45506
762464
105711
187127
664268
489382
791578
458343
889064
40748
8810
541150
18836
657944
599869
990612
122428
323620
305473
746368
555750
330440
272323
407304
972958
428886
612781
234826
660814
305590
519634
222671
584406
625344
409798
765025
631078
201375
739719
520141
758475
264880
577643
777310
922824
177511
284273
561603
501130
589746
824322
56880
436537
96644
464183
925846
525529
593315
160672
702694
415257
196657
925365
516014
338352
335162
281038
969429
52888
20756
5922
327714
801987
583564
105023
724810
761074
389296
802764
778555
495393
627085
351786
448281
723729
332321
374127
249257
441987
51150
951951
373595
247806
393667
889608
586157
245180
170645
555586
298067
707752
77859
625781
509739
661422
247155
750900
938847
152802
70016
717401
648194
697100
585539
96475
420828
434211
986953
186437
876197
38102
654739
249792
285907
48405
655751
388415
293584
826396
460352
108002
50499
538210
250134
76589
199631
497289
343841
138477
650090
413856
372230
814636
627307
957768
427462
48135
391978
414414
750923
784526
452515
405661
550669
254773
454065
206420
643187
747648
549167
103539
855649
116017
641748
622135
708958
841379
119423
52798
979855
285864
983005
352084
100499
610311
826203
527960
174797
734532
942373
925719
35410
911239
847731
586078
166011
301795
308849
809198
565794
858015
912736
937795
974032
554483
559929
199341
912213
195703
768490
408420
481566
751494
276855
582065
878156
103058
626376
569305
353941
85101
495023
389350
996339
342754
975428
162350
160900
800628
487899
726694
658643
400634
180840
149026
471468
740768
348366
900033
936470
116855
308452
934387
384700
585306
32803
262855
204715
659179
832159
558656
744279
843534
948005
256969
702639
439784
419318
863538
240412
907216
106583
415406
824201
803774
564431
812021
60893
429148
712053
997362
546002
20504
931749
447053
122161
480903
709907
326876
140081
58418
885531
400711
418303
349887
657680
120941
789671
593349
500830
546434
16917
123765
961839
357469
927538
526269
169489
988431
471768
397893
502144
534121
934748
950244
981173
56909
431147
691079
900136
87579
265848
302018
488290
684150
651904
662321
321442
441574
772021
822272
504359
788937
946036
466197
146406
389925
508817
832246
894707
980584
746491
913203
514704
681238
863446
495876
254498
810944
703307
154633
898523
485506
456650
903164
169656
108554
81836
7449
66479
853856
829720
570838
642793
292107
553386
305550
198384
62203
654147
93090
559138
400637
6292
590194
598227
386090
86069
852724
197033
305727
523709
611907
307585
496710
31422
993592
605263
113257
1040
188094
483465
830760
275283
642609
639218
345020
948158
837601
407222
118656
930691
482712
35645
453334
72905
633871
355775
675325
486594
69160
497404
526654
681066
804988
23364
228840
798579
144978
858448
799618
333071
341912
146729
124705
984520
785947
469725
449029
139899
393298
567685
586941
876009
603329
40275
465265
753551
396049
140590
240144
465208
637993
766798
662626
959332
306513
891465
757910
451490
749912
73879
300913
608176
736960
941969
592695
39258
411693
41724
179156
321343
125760
766097
713703
245440
322723
178968
998990
235123
835909
755485
216683
473901
38634
879308
949584
345146
287124
707493
796636
553387
297723
97548
161562
34682
39516
270609
73939
967561
828684
769447
805255
954443
535543
518957
199882
858265
214276
198871
609739
50184
954355
826421
40436
509341
705728
990019
854486
509203
213863
651121
578942
27938
265020
256855
62619
820888
527463
652910
788448
356146
938708
110054
826940
474250
629010
26821
848866
359638
742043
458604
926173
212750
285025
966609
722090
507104
472979
92927
532659
203194
260400
627952
231131
525419
884806
810101
862658
928621
979362
651105
801118
918069
277510
628058
392318
422872
171230
757535
782509
429625
216139
708681
158726
17515
191641
397167
40970
664620
490093
573628
867813
750492
201579
98943
792263
602737
425395
654920
531357
404757
822377
332474
322825
99886
476883
231495
522757
164465
989029
305265
594089
721519
530298
752814
739033
721938
149980
296355
386557
156424
869982
770721
906916
587913
386015
215530
707001
811410
870449
238357
216166
692825
87182
55342
792711
80417
286836
831819
244881
275865
653436
838969
997383
183733
108134
252768
905670
774465
549122
808579
930888
935455
579299
354155
39719
481666
569684
746719
293075
440133
985075
25592
649309
588609
80933
442019
669025
367769
790190
913905
159985
443625
269225
157367
627357
377358
410134
49378
151822
475607
857956
82709
411062
953607
953216
450780
435272
522899
197499
244698
479383
698925
270289
128692
803885
867573
570710
472909
751693
877251
903165
911677
320875
172389
69044
464583
66098
995529
513961
217919
471136
371916
816980
882197
841874
770195
849328
277145
809445
563178
521842
288828
262103
308482
417519
65987
692407
504580
55248
444099
381831
958412
355776
219057
647153
424819
683640
713250
936699
197600
447521
407834
85867
780852
806382
927741
67398
655710
721237
876842
218887
759431
165669
997341
67912
99539
63328
760318
604119
634927
720769
502301
593338
76544
721357
756842
501362
404996
986444
954412
118947
433964
362246
204814
214815
168627
648906
282212
340688
370142
675405
75927
129572
841074
73267
713836
456964
652946
990505
61082
287872
711273
563382
397562
787816
801091
154403
805529
206086
140846
759941
325033
91161
638538
46198
822327
323516
695103
620890
664204
581596
296295
256482
711168
653720
846100
941355
110683
499046
931859
688117
303269
159484
251498
217182
463651
52588
887937
269180
775026
28782
545472
616410
636295
700361
662607
458621
23876
874061
79511
204431
455656
892157
460912
683175
545876
307012
624529
172910
322409
72740
861026
142029
232223
628876
359211
695873
197815
247147
481404
972840
792280
543227
105601
428574
243587
284559
403547
267463
158619
999409
988245
130627
891565
449157
330153
953792
272520
471034
126701
594928
543773
987727
253308
292347
616602
612518
504571
330768
859664
502327
303608
651944
45553
925560
596869
805492
210119
415
589306
885089
516175
577550
532067
407739
26706
862220
877882
815577
333253
4583
926856
393377
508661
180164
685723
641614
792681
706645
972381
652345
208971
792340
820640
770876
717900
417508
576367
444370
934275
165672
329458
450449
743221
861525
374540
286279
723744
252421
101855
573348
773355
545063
966724
798367
725226
652446
439980
34258
359090
928713
202954
84413
721052
23593
855288
955303
957453
431654
399672
891727
113677
729130
342175
373249
107006
233066
659527
347101
485487
277734
920448
775193
822796
887171
573560
64373
55968
13539
98630
931409
942251
301584
15821
179655
841528
387460
134957
798980
335465
50981
690706
449141
780110
549233
822390
403467
782298
998268
750567
784136
792353
671014
559329
131500
74536
132888
195872
130503
662778
810854
578263
121381
628789
594084
301035
470316
497895
952343
269296
833360
3323
960001
282500
299784
25585
621241
703250
807883
619509
970168
592018
928213
641181
667698
59713
715716
800585
255584
362570
463363
582789
940833
584743
211577
51268
402129
681893
549162
354471
951188
382521
874146
427540
181373
690281
969477
318965
393531
777359
938473
880050
885728
866686
521231
553426
442750
753298
870362
214685
115868
333724
797474
573052
434818
9050
624319
836946
207294
689832
707769
674833
588705
581914
618725
770077
272194
588201
89041
182076
881911
543866
62126
767638
926903
583356
837415
369652
853005
707777
584336
968872
557852
898161
541923
992670
423563
682593
829615
630856
372425
53735
822041
961129
635648
440765
247557
907842
28965
852949
606269
910875
913166
668394
194864
356420
768101
32279
726071
621106
256407
826759
106329
814258
241271
164604
323279
664833
847196
669246
295689
735972
722980
117729
213452
358628
74845
461008
782821
103809
830309
389089
531035
743474
57483
725898
99894
341935
274528
342316
963040
47286
685426
585721
377896
926697
750324
701174
591529
113871
370419
403569
849843
93399
37649
63294
968378
112493
524302
267550
216301
870962
656638
263687
614435
230472
505937
230680
572407
296816
572996
51798
344102
258421
637518
721997
185117
904193
939522
292998
18064
309941
696566
867906
919691
734215
447551
404420
846707
488204
671969
579360
359165
844958
843046
973600
75430
865334
204279
164188
162150
293626
732337
506251
552047
886207
744599
253515
306751
684120
62864
324814
510412
759430
709071
946454
9996
156622
867225
856702
644825
539193
952413
3990
384151
795459
493941
975932
177144
214571
656471
339293
508197
905159
361895
576595
307717
622845
830109
614468
823317
892973
939281
333728
168754
164704
796534
178749
321325
663758
551802
966149
719303
504215
486490
619805
816025
980430
112088
993168
195001
768558
332461
703197
190068
210707
796143
497785
833552
142603
628604
656868
35575
84236
506947
720680
248939
303480
899428
570263
483590
451230
52764
202892
471796
539253
822696
287820
36035
934783
280987
747387
219692
129799
966935
409759
340506
763077
423895
174057
905679
52498
347276
457606
136734
854222
178285
902024
674054
594065
472287
157643
561646
41402
360534
33441
97006
699581
321260
649392
150715
118598
396778
370406
248397
363712
296516
588902
126788
236763
279310
32467
805612
626585
490072
458697
480806
184708
360721
154859
778772
349359
828853
340417
390760
705738
890209
4117
405318
211468
653509
556032
330066
50286
442789
94814
413998
255657
683715
57137
492419
479376
605955
814382
105960
612378
273079
103117
797086
633799
774328
92209
983157
603180
948978
890268
308918
839186
894384
230587
567006
547892
302971
413423
114530
745759
508236
528527
517767
708302
102015
10185
187677
707970
824567
809988
320347
613997
429456
117432
247795
203783
725993
747303
323315
674970
637570
148584
30507
48305
379170
597512
112549
682140
10934
227078
944251
519169
271956
462017
743822
373970
988554
447850
81939
329472
257837
402286
943468
687293
36069
707614
407427
278413
454916
730741
953382
608837
879324
983889
173493
774846
97752
286041
456985
108686
29470
917587
144206
301425
895956
404380
675395
884509
852229
273685
213980
110066
192322
673799
313710
744743
381412
237488
23155
352679
968229
492889
961515
363904
476777
651359
138749
90880
937400
112086
199565
966869
29672
860123
784646
925627
264502
976392
326487
116730
250076
540466
743147
442398
730616
573208
703492
112027
810696
726646
981057
778924
219534
458923
659179
212662
110282
797928
303542
47681
910013
19458
530901
456036
395932
831898
381663
660433
808289
708149
293515
58365
764967
36661
17114
495582
609869
720605
123961
936916
447250
105017
715839
183136
563940
375017
912149
674221
689296
732042
238253
599308
751500
285505
55344
147431
117403
953358
324216
442043
661506
617730
500407
942824
170742
33872
954758
780610
754476
78718
233877
718078
700086
949715
417565
780377
841084
329713
970949
46731
61755
725553
162391
329606
11058
217734
477036
644812
687443
801251
86854
865300
935332
103613
808124
106074
137484
762881
403035
408312
357950
636912
642741
58035
102978
60305
838412
460413
906369
809360
507144
968123
51265
669534
297728
62322
403619
291116
223485
91061
608718
826690
956360
544050
446654
764483
166475
100490
43715
569509
508801
401664
206420
667893
976051
309398
728197
330814
286162
634565
656525
793305
119040
707789
462838
933119
286462
382808
224234
509946
473868
349304
852988
946580
409705
299641
227414
576179
400130
271129
145687
425282
189144
868459
93174
165194
694208
821370
496007
980369
972287
668884
773674
607678
376672
752863
540796
663134
135671
281382
173079
125890
630685
542418
72469
40389
842059
299883
132919
242188
87363
278605
183822
276506
663415
276995
958052
357622
98365
970410
337991
587003
639293
628016
194680
15965
380878
735475
195450
32900
533208
884880
158790
163892
427298
747610
720632
269356
47492
853550
27895
651206
648507
211716
927712
311921
488711
402115
185895
103427
372524
40237
206781
11817
668252
401460
544133
565481
653286
739582
598381
186494
624461
273522
866737
51758
21131
103721
837465
68623
957270
865360
719828
122128
593427
163891
950401
598489
566005
652647
701915
938529
692883
425047
466697
361134
342858
527181
926614
996144
783114
524994
698989
407574
798515
82077
975684
335998
185797
329500
404620
659419
711211
640799
297898
304638
321042
248298
903126
403398
417296
121393
858278
110178
546439
324974
471311
889297
368506
914277
401792
151619
955622
617132
75545
270489
699208
567580
606486
401357
897079
527457
577127
608290
684607
875024
912927
5648
639674
332404
409046
56969
970148
267323
167147
516587
108649
154809
922235
993506
69085
324026
145125
24707
941157
737021
811547
156716
304600
418032
558072
201678
945488
135198
809967
630094
526574
239245
152094
166247
88001
77491
223215
58148
861165
906713
91086
969813
61522
13320
479671
646958
337345
624795
188016
794853
361815
999562
467921
666414
417593
542344
384443
879432
677542
710762
25878
720467
466358
177971
886713
554358
771813
626279
128858
632977
49344
219943
119142
627217
233263
598812
274174
86959
223606
462190
398164
101772
461751
866084
284537
395696
408427
185331
275127
602320
896092
817356
322786
362450
511678
725850
433159
283490
868481
78368
916467
917824
298311
551960
545040
47925
150771
819213
134883
890728
797754
533046
992499
775857
399129
793387
687904
323908
978717
479382
926227
874809
296738
249013
753610
808415
491214
703120
91905
359694
781488
524723
277517
79798
76682
338908
644074
227452
674473
778956
634531
472226
828354
143381
764434
743834
936767
452337
67741
431835
931719
510320
306643
228456
759332
576604
553222
766897
796076
645126
126591
577563
686200
920459
173712
762881
259367
817785
506684
933839
113092
141214
922416
457797
284594
686850
717983
737712
655538
302075
169547
587256
812394
992541
332063
88077
85497
885285
854974
881572
46762
981564
459134
732962
418374
149197
12194
677740
966981
35230
127930
596424
692795
566698
54221
493741
769899
772203
231452
425436
74277
917350
529044
403023
909891
861106
491099
511739
262742
346072
393310
309504
843987
368795
558817
262361
517991
87362
456452
484971
638943
100734
597746
331738
667431
651966
341830
437329
940520
89633
862764
531149
6983
908159
934171
433225
769265
425269
944963
32006
287693
854624
857861
648031
223418
933029
426743
741408
20391
883195
742730
175685
983928
340475
507422
651358
992441
849251
605038
449312
938884
984153
980460
462218
892312
914630
411794
177928
856251
356756
726285
143943
211379
584146
308325
951148
33526
735068
692555
53916
618262
435284
229601
118541
775758
253374
286250
284550
618977
891287
733862
74212
875439
714321
536429
284102
145303
948222
462029
1553
821329
188314
661847
549059
288811
970171
500206
322336
705238
709112
892604
839851
144395
638556
958391
436504
408281
760992
237406
27257
652278
487619
101468
44069
718291
154248
328170
863593
618821
790199
381497
956501
494864
43343
21911
783674
529866
522116
622361
751455
231227
514964
591306
891973
669871
66048
844829
78152
827040
82234
105408
995669
86204
723228
39737
804494
393827
884259
668087
529000
190809
49583
485500
685672
609278
507411
985697
655495
545878
124409
406949
293457
155725
514606
701781
825595
97006
546609
903746
440397
145194
525506
436065
231397
765085
992154
552243
675263
392764
220329
204262
583572
786263
206114
785595
911892
229876
287643
567386
775753
412051
490687
585561
567775
5292
287342
393370
618649
350302
813467
59045
11848
855324
11462
759596
136760
519967
311838
812023
912730
48518
532636
12653
351133
738749
798247
263024
484976
85889
346762
777081
14291
353800
362641
582066
359091
166334
491787
494092
516636
821605
69488
44835
193281
597301
804430
330040
117267
116268
142062
546348
164785
191050
559000
32269
446150
873598
295293
931126
475838
158406
708206
490129
512205
587198
588546
387647
753532
80332
398090
786519
418288
467578
831353
611568
64878
635782
941608
698497
268401
600021
